# Train and test dataset
# 50/50
# Seed 75421

# Dimensions(m,n)
param m := 1000;
param n := 4;

param nu := 5.7;

# y_train and A_train
param y_train :=
1	1
2	1
3	-1
4	1
5	1
6	-1
7	1
8	1
9	1
10	1
11	-1
12	-1
13	1
14	1
15	1
16	1
17	1
18	-1
19	1
20	1
21	1
22	-1
23	1
24	-1
25	-1
26	-1
27	-1
28	1
29	1
30	-1
31	1
32	1
33	-1
34	-1
35	1
36	-1
37	1
38	-1
39	1
40	1
41	-1
42	1
43	-1
44	-1
45	1
46	1
47	1
48	1
49	-1
50	1
51	1
52	-1
53	1
54	-1
55	1
56	1
57	1
58	1
59	-1
60	-1
61	1
62	1
63	-1
64	1
65	1
66	-1
67	1
68	1
69	1
70	1
71	-1
72	-1
73	-1
74	1
75	1
76	1
77	1
78	1
79	1
80	-1
81	1
82	1
83	1
84	1
85	-1
86	-1
87	1
88	-1
89	1
90	-1
91	1
92	1
93	1
94	-1
95	1
96	-1
97	-1
98	-1
99	1
100	1
101	1
102	1
103	1
104	-1
105	1
106	1
107	-1
108	1
109	1
110	-1
111	-1
112	1
113	-1
114	-1
115	1
116	-1
117	1
118	1
119	-1
120	1
121	-1
122	1
123	1
124	1
125	-1
126	-1
127	-1
128	-1
129	-1
130	-1
131	-1
132	1
133	-1
134	1
135	1
136	1
137	1
138	1
139	1
140	-1
141	-1
142	1
143	1
144	1
145	-1
146	1
147	-1
148	-1
149	1
150	-1
151	-1
152	-1
153	1
154	-1
155	1
156	-1
157	1
158	-1
159	1
160	1
161	-1
162	1
163	-1
164	-1
165	1
166	1
167	1
168	1
169	1
170	1
171	-1
172	1
173	1
174	-1
175	-1
176	-1
177	-1
178	-1
179	1
180	1
181	1
182	-1
183	-1
184	1
185	1
186	1
187	1
188	1
189	1
190	-1
191	1
192	-1
193	-1
194	-1
195	1
196	-1
197	-1
198	-1
199	-1
200	-1
201	1
202	1
203	-1
204	-1
205	-1
206	1
207	1
208	1
209	1
210	1
211	1
212	1
213	-1
214	-1
215	1
216	1
217	-1
218	-1
219	1
220	-1
221	1
222	-1
223	1
224	1
225	1
226	-1
227	-1
228	1
229	1
230	1
231	1
232	-1
233	1
234	1
235	1
236	-1
237	-1
238	-1
239	-1
240	1
241	-1
242	-1
243	-1
244	1
245	1
246	-1
247	1
248	1
249	-1
250	1
251	1
252	1
253	-1
254	-1
255	-1
256	-1
257	1
258	1
259	1
260	1
261	1
262	1
263	1
264	1
265	-1
266	-1
267	1
268	1
269	1
270	-1
271	-1
272	-1
273	-1
274	-1
275	1
276	1
277	1
278	-1
279	-1
280	1
281	-1
282	-1
283	1
284	1
285	1
286	1
287	-1
288	-1
289	1
290	1
291	1
292	-1
293	1
294	-1
295	-1
296	1
297	1
298	1
299	-1
300	1
301	-1
302	1
303	1
304	-1
305	-1
306	-1
307	-1
308	1
309	-1
310	1
311	-1
312	-1
313	1
314	1
315	-1
316	1
317	-1
318	-1
319	1
320	1
321	1
322	1
323	1
324	-1
325	-1
326	-1
327	-1
328	1
329	1
330	-1
331	1
332	1
333	1
334	-1
335	1
336	-1
337	1
338	-1
339	1
340	-1
341	1
342	-1
343	1
344	1
345	1
346	-1
347	1
348	-1
349	-1
350	1
351	1
352	-1
353	1
354	-1
355	1
356	-1
357	1
358	1
359	-1
360	1
361	1
362	-1
363	-1
364	1
365	1
366	1
367	-1
368	1
369	1
370	-1
371	1
372	1
373	1
374	-1
375	-1
376	-1
377	1
378	-1
379	1
380	1
381	-1
382	1
383	-1
384	1
385	1
386	1
387	1
388	1
389	1
390	-1
391	-1
392	1
393	1
394	1
395	1
396	1
397	1
398	1
399	1
400	1
401	1
402	-1
403	1
404	-1
405	1
406	-1
407	1
408	1
409	-1
410	1
411	1
412	-1
413	1
414	-1
415	-1
416	-1
417	-1
418	1
419	-1
420	1
421	1
422	1
423	-1
424	1
425	1
426	1
427	-1
428	-1
429	1
430	1
431	1
432	-1
433	1
434	-1
435	-1
436	-1
437	-1
438	-1
439	-1
440	1
441	-1
442	-1
443	1
444	1
445	1
446	1
447	1
448	-1
449	1
450	-1
451	-1
452	-1
453	-1
454	-1
455	1
456	-1
457	1
458	1
459	1
460	-1
461	-1
462	1
463	-1
464	-1
465	1
466	-1
467	1
468	-1
469	-1
470	-1
471	1
472	-1
473	1
474	1
475	1
476	-1
477	1
478	1
479	1
480	1
481	-1
482	1
483	-1
484	1
485	1
486	1
487	1
488	1
489	-1
490	1
491	-1
492	1
493	1
494	-1
495	1
496	1
497	-1
498	-1
499	-1
500	-1
501	1
502	1
503	1
504	1
505	1
506	1
507	1
508	1
509	-1
510	1
511	-1
512	1
513	1
514	1
515	1
516	1
517	1
518	1
519	1
520	1
521	1
522	1
523	-1
524	-1
525	-1
526	1
527	-1
528	1
529	-1
530	-1
531	-1
532	-1
533	1
534	-1
535	-1
536	-1
537	-1
538	1
539	-1
540	1
541	1
542	1
543	1
544	1
545	-1
546	-1
547	1
548	1
549	-1
550	-1
551	-1
552	-1
553	-1
554	-1
555	1
556	1
557	-1
558	1
559	-1
560	1
561	-1
562	-1
563	1
564	1
565	-1
566	-1
567	-1
568	1
569	1
570	-1
571	1
572	1
573	-1
574	1
575	-1
576	1
577	1
578	-1
579	1
580	1
581	1
582	-1
583	-1
584	-1
585	-1
586	1
587	1
588	1
589	-1
590	1
591	-1
592	-1
593	-1
594	-1
595	-1
596	-1
597	1
598	1
599	1
600	-1
601	-1
602	1
603	-1
604	-1
605	1
606	-1
607	1
608	-1
609	-1
610	1
611	-1
612	-1
613	-1
614	1
615	-1
616	-1
617	-1
618	1
619	-1
620	1
621	1
622	-1
623	1
624	1
625	1
626	-1
627	-1
628	-1
629	-1
630	1
631	1
632	-1
633	-1
634	1
635	-1
636	-1
637	1
638	-1
639	-1
640	-1
641	1
642	1
643	-1
644	1
645	-1
646	1
647	1
648	1
649	-1
650	1
651	1
652	1
653	-1
654	-1
655	1
656	1
657	-1
658	1
659	1
660	1
661	1
662	-1
663	-1
664	1
665	-1
666	-1
667	-1
668	-1
669	1
670	1
671	1
672	1
673	-1
674	1
675	1
676	-1
677	-1
678	1
679	1
680	-1
681	1
682	-1
683	-1
684	-1
685	-1
686	-1
687	1
688	1
689	1
690	-1
691	1
692	1
693	-1
694	-1
695	-1
696	-1
697	-1
698	1
699	-1
700	1
701	-1
702	1
703	1
704	-1
705	1
706	1
707	1
708	-1
709	1
710	-1
711	1
712	1
713	-1
714	1
715	-1
716	-1
717	-1
718	-1
719	1
720	1
721	1
722	-1
723	1
724	1
725	-1
726	-1
727	-1
728	-1
729	-1
730	-1
731	-1
732	1
733	-1
734	1
735	-1
736	1
737	-1
738	-1
739	-1
740	-1
741	-1
742	-1
743	-1
744	-1
745	-1
746	-1
747	-1
748	-1
749	1
750	-1
751	-1
752	-1
753	1
754	1
755	1
756	1
757	-1
758	-1
759	-1
760	-1
761	1
762	1
763	-1
764	-1
765	1
766	-1
767	1
768	-1
769	1
770	-1
771	1
772	1
773	-1
774	-1
775	1
776	1
777	1
778	-1
779	1
780	-1
781	1
782	-1
783	1
784	-1
785	1
786	1
787	-1
788	-1
789	-1
790	1
791	-1
792	1
793	1
794	1
795	1
796	1
797	-1
798	1
799	1
800	1
801	1
802	-1
803	-1
804	1
805	1
806	1
807	1
808	1
809	-1
810	1
811	-1
812	-1
813	1
814	-1
815	1
816	-1
817	1
818	1
819	1
820	-1
821	1
822	-1
823	1
824	-1
825	1
826	-1
827	-1
828	-1
829	1
830	1
831	1
832	1
833	-1
834	1
835	1
836	-1
837	1
838	-1
839	1
840	-1
841	-1
842	-1
843	-1
844	-1
845	-1
846	-1
847	-1
848	-1
849	1
850	-1
851	1
852	-1
853	-1
854	1
855	-1
856	1
857	-1
858	-1
859	1
860	-1
861	1
862	-1
863	1
864	-1
865	-1
866	1
867	-1
868	-1
869	-1
870	-1
871	-1
872	1
873	1
874	1
875	1
876	1
877	-1
878	1
879	1
880	-1
881	1
882	1
883	-1
884	-1
885	-1
886	1
887	1
888	1
889	-1
890	-1
891	-1
892	1
893	1
894	1
895	1
896	1
897	-1
898	-1
899	1
900	-1
901	-1
902	1
903	1
904	1
905	1
906	1
907	1
908	1
909	1
910	-1
911	1
912	1
913	1
914	1
915	-1
916	1
917	1
918	-1
919	1
920	1
921	1
922	-1
923	1
924	-1
925	1
926	1
927	1
928	-1
929	1
930	-1
931	-1
932	-1
933	1
934	1
935	-1
936	-1
937	1
938	-1
939	1
940	-1
941	-1
942	1
943	-1
944	1
945	1
946	-1
947	1
948	-1
949	-1
950	1
951	1
952	1
953	-1
954	-1
955	-1
956	-1
957	-1
958	-1
959	1
960	-1
961	1
962	1
963	-1
964	-1
965	1
966	1
967	-1
968	1
969	-1
970	-1
971	-1
972	1
973	-1
974	-1
975	1
976	-1
977	-1
978	1
979	-1
980	-1
981	-1
982	1
983	1
984	-1
985	1
986	1
987	1
988	1
989	-1
990	-1
991	-1
992	1
993	-1
994	-1
995	-1
996	1
997	1
998	-1
999	1
1000	1
;

param A_train : 1 2 3 4 :=
1	0.337	0.563	0.987	0.854
2	0.79	0.531	0.006	0.808
3	0.168	0.758	0.194	0.868
4	0.787	0.505	0.72	0.586
5	0.05	0.668	0.971	0.804
6	0.295	0.248	0.179	0.482
7	0.59	0.82	0.439	0.577
8	0.802	0.368	0.204	0.808
9	0.4	0.976	0.934	0.595
10	0.602	0.382	0.35	0.322
11	0.11	0.372	0.635	0.081
12	0.058	0.377	0.424	0.237
13	0.301	0.827	0.678	0.74
14	0.352	0.543	0.772	0.556
15	0.948	0.957	0.327	0.881
16	0.171	0.484	0.934	0.521
17	0.901	0.631	0.178	0.537
18	0.355	0.595	0.089	0.779
19	0.948	0.081	0.66	0.627
20	0.065	0.978	0.363	0.837
21	0.714	0.784	0.491	0.041
22	0.042	0.212	0.149	0.976
23	0.955	0.877	0.364	0.133
24	0.077	0.488	0.009	0.167
25	0.842	0.115	0.348	0.502
26	0.169	0.567	0.72	0.532
27	0.254	0.246	0.188	0.745
28	0.854	0.788	0.499	0.003
29	0.232	0.959	0.641	0.597
30	0.055	0.674	0.58	0.064
31	0.848	0.907	0.956	0.196
32	0.697	0.365	0.976	0.417
33	0.38	0.671	0.143	0.568
34	0.431	0.422	0.204	0.93
35	0.967	0.162	0.384	0.608
36	0.475	0.663	0.434	0.055
37	0.275	0.903	0.634	0.23
38	0.043	0.928	0.463	0.019
39	0.36	0.398	0.015	0.504
40	0.432	0.935	0.388	0.635
41	0.813	0.602	0.027	0.197
42	0.787	0.673	0.873	0.22
43	0.6	0.495	0.631	0.234
44	0.73	0.277	0.652	0.193
45	0.997	0.554	0.694	0.012
46	0.66	0.444	0.992	0.048
47	0.857	0.861	0.682	0.884
48	0.892	0.671	0.731	0.765
49	0.459	0.365	0.385	0.09
50	0.11	0.82	0.876	0.763
51	0.171	0.759	0.566	0.865
52	0.624	0.525	0.216	0.616
53	0.295	0.473	0.434	0.977
54	0.493	0.869	0.027	0.224
55	0.918	0.683	0.999	0.303
56	0.599	0.413	0.592	0.474
57	0.605	0.645	0.935	0.172
58	0.707	0.795	0.035	0.923
59	0.607	0.218	0.884	0.042
60	0.241	0.534	0.063	0.268
61	0.697	0.186	0.44	0.697
62	0.213	0.296	0.902	0.806
63	0.078	0.411	0.416	0.014
64	0.926	0.721	0.378	0.96
65	0.789	0.568	0.861	0.673
66	0.056	0.913	0.144	0.119
67	0.901	0.817	0.367	0.342
68	0.856	0.555	0.809	0.759
69	0.579	0.837	0.771	0.995
70	0.353	0.921	0.572	0.731
71	0.215	0.52	0.449	0.077
72	0.058	0.133	0.106	0.202
73	0.287	0.103	0.069	0.654
74	0.582	0.51	1	0.392
75	0.36	0.971	0.106	0.131
76	0.957	0.484	0.886	0.529
77	0.767	0.744	0.735	0.216
78	0.927	0.274	0.953	0.032
79	0.205	0.319	0.579	0.274
80	0.024	0.856	0.484	0.023
81	0.753	0.383	0.218	0.86
82	0.184	0.817	0.999	0.071
83	0.214	0.838	0.09	0.949
84	0.911	0.875	0.328	0.864
85	0.804	0.069	0.227	0.383
86	0.201	0.407	0.198	0.684
87	0.446	0.438	0.813	0.664
88	0.327	0.849	0.114	0.326
89	0.46	0.54	0.757	0.55
90	0.811	0.461	0.364	0.139
91	0.272	0.943	0.393	0.499
92	0.736	0.699	0.733	0.934
93	0.163	0.38	0.822	0.976
94	0.119	0.304	0.893	0.233
95	0.812	0.694	0.169	0.569
96	0.658	0.38	0.704	0.021
97	0.029	0.293	0.463	0.422
98	0.789	0.158	0.491	0.522
99	0.875	0.685	0.473	0.697
100	0.518	0.816	0.966	0.411
101	0.595	0.223	0.743	0.765
102	0.986	0.422	0.173	0.691
103	0.692	0.72	0.737	0.155
104	0.528	0.944	0.3	0.019
105	0.393	0.894	0.152	0.866
106	0.814	0.384	0.407	0.78
107	0.456	0.375	0.018	0.198
108	0.811	0.185	0.562	0.984
109	0.006	0.676	0.595	0.742
110	0.737	0.27	0.776	0.038
111	0.242	0.431	0.184	0.395
112	0.775	0.209	0.68	0.182
113	0.475	0.638	0.363	0.493
114	0.503	0.303	0.021	0.065
115	0.896	0.071	0.963	0.491
116	0.795	0.228	0.083	0.57
117	0.373	0.813	0.696	0.557
118	0.993	0.333	0.416	0.673
119	0.404	0.147	0.152	0.767
120	0.989	0.27	0.943	0.009
121	0.23	0.905	0.405	0.193
122	0.218	0.988	0.624	0.301
123	0.89	0.674	0.371	0.587
124	0.578	0.579	0.564	0.994
125	0.078	0.398	0.399	0.231
126	0.04	0.219	0.435	0.983
127	0.77	0.213	0.134	0.175
128	0.53	0.393	0.395	0.155
129	0.953	0.045	0.368	0.324
130	0.599	0.903	0.211	0.163
131	0.463	0.241	0.295	0.862
132	0.46	0.902	0.691	0.895
133	0.92	0.664	0.098	0.054
134	0.504	0.584	0.232	0.899
135	0.925	0.852	0.784	0.293
136	0.415	0.892	0.079	0.626
137	0.976	0.089	0.295	0.271
138	0.767	0.731	0.853	0.458
139	0.737	0.378	0.29	0.835
140	0.129	0.339	0.016	0.361
141	0.755	0.286	0.091	0.539
142	0.267	0.954	0.471	0.346
143	0.526	0.322	0.668	0.821
144	0.619	0.588	0.323	0.472
145	0.949	0.209	0.425	0.239
146	0.857	0.368	0.384	0.873
147	0.622	0.628	0.015	0.713
148	0.595	0.98	0.121	0.066
149	0.7	0.591	0.648	0.368
150	0.24	0.988	0.001	0.563
151	0.048	0.512	0.669	0.473
152	0.713	0.33	0.119	0.096
153	0.848	0.719	0.832	0.863
154	0.999	0.458	0.411	0.119
155	0.737	0.819	0.115	0.385
156	0.528	0.625	0.175	0.528
157	0.635	0.576	0.701	0.303
158	0.452	0.016	0.379	0.571
159	0.583	0.419	0.831	0.414
160	0.262	0.413	0.741	0.674
161	0.265	0.411	0.351	0.38
162	0.539	0.907	0.421	0.714
163	0.61	0.349	0.012	0.311
164	0.061	0.763	0.668	0.44
165	0.78	0.023	0.753	0.611
166	0.036	0.873	0.85	0.777
167	0.382	0.042	0.957	0.733
168	0.753	0.272	0.329	0.174
169	0.765	0.784	0.335	0.776
170	0.986	0.837	0.857	0.654
171	0.191	0.434	0.299	0.944
172	0.736	0.981	0.917	0.586
173	0.464	0.968	0.8	0.421
174	0.221	0.175	0.974	0.55
175	0.96	0.315	0.133	0.295
176	0.228	0.281	0.928	0.085
177	0.205	0.277	0.369	0.505
178	0.413	0.241	0.202	0.33
179	0.959	0.794	0.796	0.759
180	0.497	0.981	0.39	0.471
181	0.74	0.431	0.846	0.873
182	0.937	0.101	0.006	0.865
183	0.941	0.07	0.463	0.31
184	0.684	0.723	0.816	0.885
185	0.643	0.845	0.848	0.439
186	0.064	0.936	0.585	0.454
187	0.115	0.194	0.838	0.961
188	0.563	0.898	0.167	0.569
189	0.354	0.51	0.834	0.816
190	0.409	0.5	0.543	0.225
191	0.596	0.868	0.231	0.444
192	0.835	0.507	0.243	0.419
193	0.65	0.535	0.155	0.488
194	0.221	0.051	0.394	0.389
195	0.157	0.742	0.13	0.991
196	0.95	0.4	0.059	0.493
197	0.444	0.089	0.492	0.675
198	0.799	0.51	0.041	0.043
199	0.002	0.693	0.464	0.157
200	0.96	0.379	0.231	0.354
201	0.851	0.511	0.51	0.981
202	0.068	0.931	0.902	0.127
203	0.526	0.571	0.514	0.019
204	0.048	0.818	0.756	0.088
205	0.685	0.091	0.553	0.149
206	0.734	0.109	0.627	0.965
207	0.395	0.816	0.975	0.904
208	0.477	0.973	0.728	0.379
209	0.153	0.905	0.671	0.667
210	0.917	0.715	0.742	0.673
211	0.603	0.358	0.894	0.156
212	0.142	0.889	0.616	0.769
213	0.08	0.163	0.67	0.054
214	0.466	0.531	0.04	0.194
215	0.14	0.347	0.815	0.811
216	0.739	0.728	0.729	0.481
217	0.532	0.083	0.76	0.426
218	0.267	0.568	0.129	0.884
219	0.983	0.964	0.5	0.652
220	0.568	0.119	0.549	0.609
221	0.459	0.749	0.66	0.274
222	0.675	0.012	0.288	0.404
223	0.69	0.936	0.577	0.45
224	0.816	0.717	0.93	0.945
225	0.267	0.927	0.565	0.768
226	0.582	0.336	0.698	0.131
227	0.011	0.59	0.693	0.672
228	0.253	0.347	0.876	0.541
229	0.369	0.231	0.687	0.946
230	0.049	0.761	0.398	0.979
231	1	0.247	0.633	0.564
232	0.213	0.147	0.35	0.911
233	0.294	0.923	0.868	0.987
234	0.732	0.24	0.941	0.607
235	0.692	0.977	0.012	0.379
236	0.693	0.428	0.684	0.091
237	0.39	0.091	0.654	0.023
238	0.668	0.236	0.802	0.018
239	0.08	0.312	0.07	0.948
240	0.664	0.68	0.539	0.605
241	0.321	0.297	0.264	0.333
242	0.186	0.026	0.104	0.87
243	0.511	0.259	0.208	0.164
244	0.863	0.832	0.518	0.666
245	0.666	0.746	0.162	0.736
246	0.461	0.4	0.374	0.001
247	0.661	0.322	0.302	0.925
248	0.978	0.111	0.68	0.082
249	0.797	0.593	0.24	0.005
250	0.523	0.869	0.59	0.041
251	0.44	0.707	0.28	0.602
252	0.974	0.063	0.843	0.348
253	0.848	0.01	0.386	0.15
254	0.04	0.129	0.047	0.72
255	0.028	0.517	0.804	0.268
256	0.561	0.791	0.391	0.151
257	0.925	0.591	0.54	0.205
258	0.982	0.179	0.255	0.825
259	0.32	0.673	0.538	0.705
260	0.473	0.745	0.952	0.52
261	0.162	0.548	0.981	0.966
262	0.503	0.527	0.607	0.894
263	0.44	0.819	0.269	0.98
264	0.461	0.962	0.203	0.716
265	0.731	0.036	0.46	0.268
266	0.283	0.741	0.486	0.234
267	0.95	0.396	0.809	0.932
268	0.625	0.435	0.889	0.232
269	0.567	0.672	0.148	0.836
270	0.171	0.297	0.614	0.374
271	0.401	0.105	0.049	0.86
272	0.79	0.143	0.115	0.276
273	0.376	0.226	0.773	0.185
274	0.135	0.81	0.593	0.025
275	0.922	0.592	0.714	0.07
276	0.366	0.242	0.725	0.979
277	0.738	0.38	0.721	0.788
278	0.094	0.578	0.383	0.209
279	0.76	0.584	0.08	0.533
280	0.239	0.668	0.579	0.832
281	0.62	0.754	0.285	0.334
282	0.713	0.7	0.066	0.438
283	0.682	0.177	0.06	0.403
284	0.3	0.497	0.543	0.683
285	0.397	0.442	0.291	0.477
286	0.06	0.716	0.643	0.638
287	0.336	0.259	0.302	0.621
288	0.126	0.334	0.293	0.192
289	0.973	0.874	0.949	0.032
290	0.914	0.332	0.775	0.456
291	0.481	0.853	0.457	0.772
292	0.431	0.832	0.046	0.074
293	0.593	0.41	0.729	0.895
294	0.322	0.021	0.364	0.615
295	0.137	0.588	0.088	0.086
296	0.365	1	0.952	0.14
297	0.967	0.621	0.309	0.423
298	0.639	0.855	0.225	0.685
299	0.695	0.279	0.339	0.423
300	0.369	0.745	0.195	0.733
301	0.408	0.87	0.948	0.496
302	0.567	0.861	0.955	0.52
303	0.411	0.486	0.623	0.721
304	0.016	0.36	0.764	0.241
305	0.693	0.936	0.324	0.032
306	0.498	0.401	0.104	0.693
307	0.464	0.101	0.003	0.411
308	0.959	0.979	0.459	0.914
309	0.461	0.325	0.985	0.084
310	0.894	0.1	0.406	0.658
311	0.451	0.352	0.277	0.775
312	0.636	0.273	0.784	0.74
313	0.917	0.203	0.067	0.921
314	0.665	0.88	0.594	0.124
315	0.092	0.585	0.119	0.076
316	0.164	0.971	0.768	0.57
317	0.109	0.021	0.981	0.386
318	0.364	0.022	0.069	0.148
319	0.035	0.065	0.965	0.102
320	0.579	0.767	0.866	0.173
321	0.659	0.265	0.476	0.777
322	0.144	0.942	0.312	0.912
323	0.941	0.022	0.533	0.921
324	0.329	0.285	0.429	0.398
325	0.191	0.433	0.498	0.155
326	0.484	0.735	0.302	0.35
327	0.193	0.009	0.172	0.669
328	0.513	0.813	0.728	0.825
329	0.24	0.766	0.747	0.773
330	0.155	0.101	0.973	0.584
331	0.406	0.775	0.932	0.904
332	0.467	0.388	0.665	0.769
333	0.572	0.963	0.746	0.744
334	0.533	0.258	0.444	0.26
335	0.169	0.5	0.849	0.916
336	0.536	0.071	0.374	0.509
337	0.874	0.914	0.43	0.806
338	0.36	0.273	0.206	0.025
339	0.944	0.597	0.005	0.69
340	0.637	0.223	0.599	0.081
341	0.682	0.25	0.983	0.531
342	0.256	0.067	0.238	0.63
343	0.893	0.504	0.49	0.323
344	0.308	0.683	0.583	0.514
345	0.626	0.458	0.306	0.631
346	0.647	0.268	0.371	0.246
347	0.854	0.929	0.599	0.837
348	0.766	0.093	0.527	0.004
349	0.103	0.897	0.228	0.594
350	0.538	0.902	0.903	0.121
351	0.612	0.747	0.875	0.917
352	0.023	0.564	0.646	0.394
353	0.996	0.248	0.739	0.595
354	0.199	0.361	0.179	0.726
355	0.903	0.829	0.261	0.131
356	0.481	0.668	0.325	0.384
357	0.742	0.996	0.536	0.617
358	0.914	0.64	0.477	0.561
359	0.288	0.556	0.282	0.027
360	0.367	0.226	0.512	0.546
361	0.877	0.449	0.781	0.138
362	0.204	0.619	0.248	0.529
363	0.037	0.271	0.999	0.573
364	0.913	0.488	0.528	0.39
365	0.562	0.678	0.605	0.844
366	0.756	0.211	0.93	0.268
367	0.882	0.145	0.207	0.663
368	0.787	0.867	0.901	0.034
369	0.905	0.072	0.668	0.904
370	0.556	0.817	0.132	0.084
371	0.181	0.646	0.884	0.785
372	0.589	0.541	0.701	0.52
373	0.459	0.402	0.954	0.666
374	0.236	0.452	0.932	0.138
375	0.329	0.042	0.558	0.997
376	0.203	0.553	0.763	0.335
377	0.969	0.516	0.283	0.854
378	0.772	0.443	0.842	0.474
379	0.651	0.933	0.364	0.605
380	0.429	0.841	0.051	0.361
381	0.538	0.69	0.021	0.096
382	0.967	0.3	0.24	0.73
383	0.877	0.699	0.151	0.16
384	0.452	0.932	0.996	0.295
385	0.958	0.946	0.338	0.321
386	0.937	0.75	0.392	0.988
387	0.371	0.526	0.801	0.392
388	0.489	0.36	0.922	0.729
389	0.557	0.606	0.789	0.708
390	0.342	0.16	0.697	0.338
391	0.103	0.296	0.4	0.442
392	0.952	0.379	0.367	0.344
393	0.479	0.715	0.893	0.28
394	0.515	0.769	0.467	0.437
395	0.557	0.993	0.103	0.347
396	0.868	0.689	0.861	0.565
397	0.315	0.668	0.322	0.716
398	0.94	0.667	0.489	0.307
399	0.855	0.786	0.727	0.748
400	0.834	0.262	0.835	0.302
401	0.332	0.859	0.692	0.435
402	0.393	0.303	0.895	0.254
403	0.922	0.569	0.536	0.244
404	0.646	0.184	0.952	0.135
405	0.963	0.99	0.276	0.69
406	0.342	0.524	0	0.176
407	0.699	0.508	0.685	0.392
408	0.891	0.785	0.246	0.786
409	0.114	0.707	0.608	0.65
410	0.893	0.297	0.135	0.846
411	0.626	0.809	0.422	0.902
412	0.16	0.244	0.024	0.16
413	0.85	0.86	0.928	0.535
414	0.871	0.426	0.037	0.117
415	0.076	0.23	0.918	0.684
416	0.87	0.578	0.177	0.005
417	0.608	0.631	0.233	0.03
418	0.732	0.19	0.776	0.755
419	0.196	0.605	0.21	0.124
420	0.462	0.995	0.565	0.499
421	0.776	0.575	0.341	0.695
422	0.222	0.565	0.837	0.398
423	0.26	0.007	0.2	0.493
424	0.732	0.224	0.227	0.508
425	0.578	0.704	0.585	0.789
426	0.724	0.251	0.822	0.29
427	0.933	0.066	0.324	0.275
428	0.583	0.496	0.326	0.42
429	0.895	0.68	0.901	0.096
430	0.939	0.828	0.397	0.166
431	0.376	0.744	0.04	0.961
432	0.867	0.685	0.783	0.689
433	0.533	0.622	0.041	0.857
434	0.802	0.44	0.393	0.127
435	0.288	0.023	0.539	0.189
436	0.712	0.128	0.946	0.109
437	0.283	0.485	0.038	0.323
438	0.571	0.19	0.131	0.354
439	0.106	0.887	0.501	0.147
440	0.398	0.949	0.184	0.791
441	0.043	0.079	0.099	0.583
442	0.217	0.295	0.396	0.164
443	0.69	0.446	0.888	0.728
444	0.334	0.299	0.959	0.466
445	0.838	0.572	0.54	0.339
446	0.284	0.737	0.668	0.467
447	0.744	0.511	0.608	0.844
448	0.876	0.061	0.388	0.272
449	0.791	0.962	0.671	0.68
450	0.44	0.014	0.99	0.399
451	0.643	0.237	0.052	0.182
452	0.771	0.466	0.313	0.439
453	0.842	0.184	0.444	0.45
454	0.538	0.326	0.088	0.926
455	0.313	0.717	0.56	0.984
456	0.251	0.424	0.411	0.241
457	0.89	0.883	0.06	0.942
458	0.636	0.713	0.532	0.949
459	0.465	0.791	0.335	0.909
460	0.362	0.447	0.567	0.45
461	0.165	0.763	0.09	0.725
462	0.486	0.976	0.172	0.897
463	0.995	0.787	0.1	0.055
464	0.165	0.691	0.442	0.697
465	0.594	0.162	0.431	0.929
466	0.672	0.291	0.518	0.239
467	0.89	0.403	0.505	0.98
468	0.252	0.466	0.104	0.424
469	0.32	0.419	0.151	0.42
470	0.879	0.585	0.165	0.321
471	0.805	0.915	0.445	0.236
472	0.516	0.909	0.135	0.034
473	0.877	0.924	0.551	0.382
474	0.679	0.635	0.371	0.783
475	0.734	0.104	0.477	0.885
476	0.951	0.764	0.109	0.116
477	0.391	0.921	0	0.836
478	0.844	0.352	0.066	0.979
479	0.214	0.856	0.31	0.765
480	0.215	0.445	0.873	0.586
481	0.931	0.32	0.332	0.409
482	0.855	0.36	0.969	0.964
483	0.054	0.355	0.397	0.054
484	0.555	0.898	0.543	0.621
485	0.929	0.835	0.733	0.239
486	0.972	0.454	0.045	0.844
487	0.273	0.776	0.36	0.605
488	0.564	0.46	0.545	0.533
489	0.021	0.587	0.778	0.418
490	0.969	0.973	0.54	0.512
491	0.417	0.441	0.429	0.151
492	0.03	0.122	0.134	0.075
493	0.174	0.348	0.742	0.534
494	0.927	0.098	0.413	0.472
495	0.836	0.492	0.218	0.615
496	0.86	0.584	0.883	0.399
497	0.477	0.817	0.537	0.906
498	0.217	0.936	0.089	0.352
499	0.056	0.526	0.36	0.798
500	0.313	0.725	0.157	0.725
501	0.788	0.562	0.69	0.005
502	0.6	0.865	0.76	0.483
503	0.856	0.96	0.081	0.393
504	0.048	0.611	0.803	0.137
505	0.815	0.193	0.488	0.175
506	0.547	0.487	0.717	0.704
507	0.914	0.491	0.774	0.603
508	0.951	0.204	0.362	0.711
509	0.626	0.567	0.647	0.707
510	0.514	0.755	0.571	0.317
511	0.533	0.131	0.085	0.021
512	0.076	0.568	0.793	0.793
513	0.006	0.707	0.763	0.781
514	0.26	0.731	0.514	0.622
515	0.201	0.248	0.009	0.847
516	0.969	0.361	0.71	0.54
517	0.602	0.074	0.809	0.687
518	0.115	0.763	0.663	0.908
519	0.935	0.914	0.263	0.699
520	0.573	0.959	0.426	0.087
521	0.868	0.287	0.828	0.877
522	0.783	0.847	0.496	0.493
523	0.174	0.094	0.461	0.982
524	0.556	0.097	0.544	0.219
525	0.1	0.154	0.92	0.363
526	0.615	0.936	0.812	0.041
527	0.392	0.909	0.31	0.22
528	0.445	0.003	0.633	0.941
529	0.02	0.115	0.59	0.481
530	0.371	0.037	0.194	0.915
531	0.2	0.015	0.411	0.119
532	0.264	0.734	0.314	0.075
533	0.337	0.467	0.684	0.647
534	0.471	0.092	0.69	0.104
535	0.186	0.124	0.147	0.776
536	0.244	0.148	0.643	0.439
537	0.899	0.638	0.078	0.309
538	0.456	0.573	0.492	0.769
539	0.267	0.106	0.115	0.951
540	0.802	0.422	0.845	0.493
541	0.878	0.679	0.651	0.025
542	0.256	0.27	0.603	0.899
543	0.665	0.798	0.347	0.743
544	0.105	0.199	0.68	0.597
545	0.328	0.864	0.075	0.443
546	0.827	0.245	0.237	0.672
547	0.764	0.55	0.417	0.415
548	0.872	0.671	0.844	0.474
549	0.553	0.14	0.368	0.899
550	0.475	0.004	0.082	0.155
551	0.051	0.483	0.464	0.126
552	0.279	0.953	0.171	0.516
553	0.908	0.28	0.175	0.325
554	0.75	0.197	0.366	0.594
555	0.937	0.147	0.811	0.305
556	0.694	0.78	0.05	0.776
557	0.651	0.827	0.417	0.115
558	0.343	0.394	0.906	0.514
559	0.531	0.422	0.191	0.705
560	0.886	0.455	0.944	0.252
561	0.615	0.189	0.195	0.426
562	0.241	0.12	0.273	0.291
563	0.208	0.942	0.724	0.625
564	0.677	0.968	0.45	0.582
565	0.361	0.113	0.904	0.551
566	0.651	0.437	0.273	0.595
567	0.322	0.21	0.879	0.518
568	0.372	0.759	0.756	0.646
569	0.652	0.854	0.992	0.376
570	0.049	0.052	0.447	0.499
571	0.929	0.86	0.748	0.833
572	0.566	0.484	0.848	0.84
573	0.538	0.162	0.289	0.416
574	0.925	0.789	0.438	0.681
575	0.489	0.333	0.288	0.481
576	0.768	0.529	0.761	0.215
577	0.396	0.144	0.888	0.144
578	0.299	0.71	0.462	0.148
579	0.541	0.686	0.711	0.831
580	0.391	0.756	0.891	0.829
581	0.325	0.318	0.77	0.614
582	0.479	0.381	0.328	0.241
583	0.356	0.637	0.741	0.244
584	0.718	0.543	0.49	0.18
585	0.039	0.722	0.376	0.751
586	0.478	0.142	0.309	0.369
587	0.746	0.695	0.289	0.516
588	0.087	0.995	0.69	0.415
589	0.286	0.771	0.872	0.027
590	0.653	0.745	0.558	0.143
591	0.249	0.182	0.648	0.625
592	0.2	0.103	0.075	0.509
593	0.045	0.255	0.167	0.334
594	0.475	0.421	0.766	0.165
595	0.002	0.451	0.606	0.875
596	0.621	0.528	0.224	0.179
597	0.149	0.427	0.853	0.797
598	0.786	0.997	0.155	0.861
599	0.628	0.906	0.761	0.795
600	0.533	0.27	0.661	0.299
601	0.497	0.301	0.886	0.103
602	0.365	0.724	0.704	0.588
603	0.374	0.738	0.33	0.227
604	0.382	0.013	0.532	0.537
605	0.038	0.165	0.78	0.8
606	0.02	0.332	0.229	0.681
607	0.665	0.178	0.933	0.551
608	0.109	0.916	0.005	0.813
609	0.908	0.187	0.242	0.238
610	0.776	0.619	0.427	0.308
611	0.301	0.346	0.321	0.08
612	0.281	0.1	0.478	0.51
613	0.11	0.175	0.959	0.042
614	0.24	0.151	0.642	0.245
615	0.146	0.153	0.151	0.388
616	0.565	0.164	0.01	0.993
617	0.166	0.293	0.819	0.487
618	0.965	0.768	0.474	0.444
619	0.254	0.553	0.453	0.213
620	0.179	0.453	0.747	0.82
621	0.711	0.966	0.85	0.863
622	0.24	0.428	0.519	0.25
623	0.991	0.416	0.714	0.811
624	0.088	0.776	0.671	0.561
625	0.949	0.816	0.773	0.401
626	0.368	0.58	0.482	0.116
627	0.179	0.827	0.367	0.029
628	0.721	0.269	0.118	0.24
629	0.539	0.231	0.935	0.253
630	0.838	0.341	0.817	0.508
631	0.037	0.457	0.718	0.809
632	0.747	0.178	0.439	0.229
633	0.839	0.408	0.12	0.206
634	0.81	0.927	0.706	0.929
635	0.225	0.468	0.397	0.159
636	0.439	0.997	0.062	0.256
637	0.964	0.293	0.963	0.683
638	0.822	0.43	0.28	0.26
639	0.574	0.099	0.066	0.694
640	0.502	0.504	0.231	0.208
641	0.398	0.433	0.901	0.795
642	0.622	0.234	0.589	0.684
643	0.095	0.648	0.784	0.057
644	0.886	0.879	0.76	0.167
645	0.418	0.74	0.238	0.484
646	0.543	0.986	0.939	0.775
647	0.372	0.172	0.627	0.273
648	0.219	0.895	0.201	0.808
649	0.692	0.903	0.226	0.476
650	0.557	0.362	0.839	0.317
651	0.979	0.736	0.269	0.217
652	0.704	0.76	0.206	0.643
653	0.401	0.015	0.707	0.028
654	0.674	0.247	0.182	0.876
655	0.76	0.567	0.959	0.987
656	0.919	0.544	0.405	0.759
657	0.933	0.737	0.597	0.202
658	0.816	0.906	0.714	0.022
659	0.249	0.423	0.563	0.956
660	0.85	0.63	0.698	0.032
661	0.754	0.793	0.073	0.713
662	0.116	0.632	0.323	0.521
663	0.184	0.454	0.128	0.781
664	0.082	0.597	0.562	0.796
665	0.11	0.045	0.043	0.673
666	0.494	0.524	0.631	0.192
667	0.137	0.946	0.349	0.21
668	0.128	0.326	0.291	0.451
669	0.681	0.635	0.3	0.809
670	0.956	0.891	0.013	0.518
671	0.633	0.629	0.731	0.675
672	0.732	0.169	0.826	0.363
673	0.382	0.5	0.307	0.731
674	0.965	0.859	0.036	0.256
675	0.882	0.937	0.946	0.182
676	0.362	0.139	0.636	0.375
677	0.323	0.007	0.286	0.055
678	0.588	0.787	0.851	0.414
679	0.212	0.796	0.651	0.518
680	0.361	0.483	0.386	0.396
681	0.696	0.279	0.676	0.642
682	0.422	0.003	0.599	0.058
683	0.257	0.381	0.385	0.543
684	0.067	0.131	0.223	0.918
685	0.373	0.13	0.342	0.024
686	0.869	0.385	0.132	0.255
687	0.871	0.951	0.06	0.547
688	0.52	0.968	0.596	0.12
689	0.974	0.376	0.408	0.359
690	0.844	0.426	0.05	0.067
691	0.595	0.441	0.475	0.937
692	0.123	0.806	0.849	0.254
693	0.63	0.125	0.011	0.69
694	0.604	0.21	0.64	0.199
695	0.667	0.173	0.706	0.075
696	0.625	0.92	0.958	0.675
697	0.303	0.27	0.427	0.777
698	0.892	0.9	0.013	0.741
699	0.073	0.371	0.279	0.085
700	0.951	0.688	0.272	0.591
701	0.602	0.258	0.061	0.308
702	0.593	0.933	0.252	0.551
703	0.239	0.853	0.879	0.667
704	0.086	0.559	0.53	0.099
705	0.685	0.172	0.672	0.964
706	0.733	0.915	0.945	0.004
707	0.833	0.606	0.764	0.894
708	0.097	0.486	0.847	0.349
709	0.455	0.588	0.89	0.334
710	0.521	0.42	0.814	0.051
711	0.114	0.736	0.691	0.785
712	0.948	0.518	0.615	0.893
713	0.121	0.726	0.129	0.885
714	0.043	0.981	0.106	0.89
715	0.143	0.345	0.919	0.033
716	0.174	0.554	0.099	0.988
717	0.618	0.101	0.341	0.31
718	0.042	0.257	0.405	0.657
719	0.928	0.778	0.876	0.057
720	0.495	0.1	0.644	0.601
721	0.975	0.743	0.335	0.893
722	0.014	0.067	0.33	0.114
723	0.935	0.732	0.156	0.277
724	0.043	0.318	0.299	0.448
725	0.45	0.376	0.753	0.325
726	0.416	0.821	0.533	0.06
727	0.523	0.035	0.164	0.858
728	0.941	0.872	0.995	0.271
729	0.05	0.206	0.718	0.206
730	0.76	0.248	0.801	0.06
731	0.776	0.509	0.073	0.529
732	0.506	0.945	0.655	0.04
733	0.076	0.563	0.04	0.241
734	0.969	0.181	0.293	0.964
735	0.279	0.014	0.658	0.998
736	0.141	0.758	0.468	0.941
737	0.164	0.717	0.327	0.237
738	0.162	0.743	0.191	0.817
739	0.196	0.894	0.346	0.237
740	0.767	0.205	0.316	0.06
741	0.768	0.339	0.183	0.426
742	0.402	0.567	0.095	0.87
743	0.913	0.034	0.225	0.24
744	0.47	0.402	0.015	0.661
745	0.798	0.857	0.114	0.144
746	0.248	0.911	0.299	0.564
747	0.468	0.333	0.309	0.652
748	0.646	0.054	0.326	0.741
749	0.834	0.654	0.958	0.059
750	0.23	0.53	0.297	0.245
751	0.516	0.043	0.048	0.63
752	0.142	0.878	0.097	0.441
753	0.068	0.909	0.776	0.377
754	0.535	0.023	0.615	0.861
755	0.539	0.695	0.419	0.497
756	0.313	0.727	0.284	0.61
757	0.475	0.127	0.015	0.523
758	0.202	0.664	0.635	0.299
759	0.078	0.367	0.014	0.854
760	0.575	0.388	0.768	0.19
761	0.532	0.729	0.945	0.951
762	0.7	0.264	0.953	0.984
763	0.925	0.459	0.001	0.94
764	0.758	0.142	0.645	0.393
765	0.75	0.471	0.809	0.764
766	0.553	0.339	0.713	0.32
767	0.962	0.853	0.258	0.907
768	0.484	0.607	0.068	0.437
769	0.943	0.363	0.049	0.944
770	0.031	0.702	0.445	0.676
771	0.887	0.426	0.565	0.696
772	0.889	0.249	0.53	0.601
773	0.059	0.563	0.422	0.317
774	0.226	0.8	0.078	0.294
775	0.669	0.237	0.6	0.718
776	0.904	0.748	0.882	0.349
777	0.977	0.236	0.851	0.542
778	0.041	0.43	0.181	0.571
779	0.75	0.63	0.595	0.171
780	0.066	0.397	0.747	0.144
781	0.985	0.812	0.928	0.585
782	0.109	0.489	0.279	0.992
783	0.703	0.968	0.074	0.554
784	0.006	0.595	0.94	0.187
785	0.972	0.936	0.796	0.567
786	0.742	0.633	0.505	0.489
787	0.196	0.474	0.589	0.124
788	0.12	0.234	0.548	0.398
789	0.386	0.102	0.194	0.46
790	0.704	0.466	0.25	0.644
791	0.416	0.616	0.589	0.212
792	0.696	0.954	0.816	0.201
793	0.593	0.397	0.918	0.182
794	0.977	0.302	0.755	0.525
795	0.981	0.911	0.802	0.174
796	0.457	0.878	0.836	0.708
797	0.489	0.124	0.138	0.077
798	0.321	0.774	0.291	0.137
799	0.735	0.73	0.372	0.652
800	0.893	0.629	0.215	0.649
801	0.915	0.629	0.064	0.717
802	0.435	0.174	0.682	0.271
803	0.204	0.76	0.006	0.342
804	0.343	0.663	0.611	0.634
805	0.586	0.368	0.531	0.957
806	0.443	0.851	0.65	0.658
807	0.803	0.573	0.129	0.868
808	0.932	0.303	0.464	0.614
809	0.346	0.817	0.335	0.352
810	0.172	0.695	0.822	0.783
811	0.623	0.369	0.697	0.153
812	0.717	0.597	0.177	0.367
813	0.677	0.17	0.827	0.805
814	0.117	0.738	0.341	0.58
815	0.915	0.926	0.169	0.25
816	0.328	0.422	0.973	0.15
817	0.302	0.773	0.574	0.999
818	0.901	0.716	0.523	0.079
819	0.778	0.755	0.253	0.605
820	0.291	0.722	0.299	0.632
821	0.65	0.547	0.229	0.819
822	0.507	0.147	0.219	0.48
823	0.424	0.782	0.07	0.999
824	0.997	0.9	0.496	0.52
825	0.579	0.297	0.734	0.832
826	0.294	0.123	0.624	0.593
827	0.926	0.243	0.302	0.155
828	0.099	0.662	0.209	0.317
829	0.506	0.741	0.924	0.576
830	0.704	0.573	0.64	0.201
831	0.618	0.78	0.39	0.351
832	0.292	0.646	0.734	0.916
833	0.489	0.843	0.481	0.791
834	0.543	0.889	0.66	0.752
835	0.801	0.258	0.948	0.725
836	0.688	0.43	0.408	0.328
837	0.5	0.946	0.41	0.89
838	0.021	0.183	0.943	0.756
839	0.181	0.244	0.942	0.663
840	0.94	0.206	0.924	0.599
841	0.131	0.401	0.215	0.079
842	0.05	0.767	0.556	0.457
843	0.186	0.958	0.041	0.596
844	0.338	0.617	0.031	0.28
845	0.13	0.462	0.617	0.072
846	0.652	0.012	0.33	0.577
847	0.287	0.708	0.012	0.502
848	0.138	0.552	0.554	0.694
849	0.649	0.88	0.967	0.69
850	0.815	0.028	0.093	0.845
851	0.466	0.975	0.77	0.083
852	0.894	0.735	0.06	0.223
853	0.671	0.511	0.019	0.683
854	0.806	0.822	0.565	0.36
855	0.574	0.009	0.396	0.541
856	0.872	0.356	0.727	0.965
857	0.035	0.43	0.177	0.804
858	0.224	0.698	0.248	0.284
859	0.56	0.955	0.432	0.579
860	0.445	0.385	0.46	0.01
861	0.976	0.585	0.754	0.372
862	0.453	0.244	0.482	0.18
863	0.683	0.214	0.639	0.86
864	0.152	0.084	0.716	0.4
865	0.637	0.96	0.323	0.069
866	0.961	0.514	0.924	0.422
867	0.669	0.398	0.109	0.423
868	0.234	0.876	0.013	0.716
869	0.222	0.399	0.27	0.86
870	0.288	0.012	0.343	0.004
871	0.711	0.641	0.371	0.034
872	0.91	0.995	0.225	0.834
873	0.749	0.503	0.815	0.858
874	0.584	0.092	0.803	0.598
875	0.859	0.819	0.207	0.129
876	0.466	0.417	0.691	0.809
877	0.103	0.52	0.063	0.474
878	0.773	0.384	0.549	0.998
879	0.966	0.747	0.722	0.781
880	0.649	0.365	0.697	0.452
881	0.505	0.311	0.783	0.712
882	0.462	0.178	0.857	0.153
883	0.278	0.256	0.507	0.34
884	0.061	0.114	0.114	0.61
885	0.333	0.576	0.858	0.055
886	0.463	0.704	0.723	0.159
887	0.686	0.664	0.467	0.468
888	0.906	0.93	0.554	0.763
889	0.541	0.041	0.34	0.048
890	0.07	0.109	0.495	0.184
891	0.606	0.517	0.295	0.464
892	0.653	0.927	0.276	0.375
893	0.432	0.061	0.751	0.899
894	0.127	0.805	0.46	0.681
895	0.544	0.222	0.609	0.884
896	0.99	0.953	0.38	0.485
897	0.099	0.091	0.655	0.394
898	0.227	0.047	0.483	0.503
899	0.569	0.935	0.484	0.32
900	0.014	0.447	0.639	0.474
901	0.207	0.018	0.35	0.816
902	0.621	0.806	0.855	0.001
903	0.992	0.1	0.382	0.647
904	0.937	0.874	0.541	0.42
905	0.964	0.989	0.312	0.447
906	0.146	0.461	0.756	0.785
907	0.884	0.992	0.953	0.234
908	0.854	0.855	0.614	0.709
909	0.904	0.702	0.956	0.286
910	0.451	0.223	0.223	0.992
911	0.6	0.955	0.632	0.912
912	0.942	0.057	0.864	0.697
913	0.798	0.581	0.834	0.751
914	0.642	0.605	0.671	0.256
915	0.527	0.16	0.016	0.484
916	0.365	0.934	0.669	0.588
917	0.312	0.187	0.882	0.945
918	0.284	0.886	0.156	0.148
919	0.998	0.946	0.165	0.833
920	0.98	0.475	0.302	0.651
921	0.617	0.179	0.89	0.633
922	0.336	0.998	0.597	0.005
923	0.523	0.317	0.772	0.404
924	0.871	0.689	0.148	0.027
925	0.732	0.025	0.782	0.897
926	0.479	0.877	0.333	0.781
927	0.063	0.398	0.707	0.953
928	0.369	0.29	0.028	0.966
929	0.614	0.489	0.612	0.386
930	0.874	0.257	0.582	0.022
931	0.418	0.754	0.309	0.2
932	0.167	0.68	0.527	0.5
933	0.056	0.563	0.859	0.763
934	0.89	0.132	0.806	0.918
935	0.101	0.532	0.586	0.713
936	0.479	0.587	0.175	0.061
937	0.459	0.479	0.363	0.768
938	0.014	0.935	0.359	0.542
939	0.82	0.597	0.999	0.679
940	0.515	0.569	0.491	0.321
941	0.589	0.422	0.02	0.175
942	0.938	0.654	0.722	0.113
943	0.331	0.572	0.194	0.695
944	0.873	0.709	0.275	0.232
945	0.711	0.052	0.848	0.709
946	0.207	0.224	0.301	0.699
947	0.789	0.288	0.967	0.809
948	0.102	0.747	0.118	0.824
949	0.833	0.155	0.431	0.027
950	0.771	0.9	0.559	0.046
951	0.809	0.757	0.185	0.657
952	0.917	0.864	0.69	0.218
953	0.235	0.007	0.851	0.202
954	0.314	0.304	0.563	0.432
955	0.422	0.265	0.283	0.854
956	0.132	0.625	0.192	0.691
957	0.325	0.5	0.428	0.51
958	0.894	0.427	0.021	0.584
959	0.585	0.819	0.653	0.436
960	0.469	0.75	0.325	0.031
961	0.453	0.454	0.447	0.736
962	0.739	0.868	0.932	0.931
963	0.603	0.256	0.06	0.03
964	0.217	0.924	0.194	0.238
965	0.839	0.823	0.327	0.491
966	0.348	0.96	0.008	0.674
967	0.19	0.127	0.445	0.637
968	0.752	0.376	0.73	0.684
969	0.29	0.287	0.563	0.349
970	0.33	0.566	0.241	0.523
971	0.749	0.362	0.626	0.076
972	0.885	0.424	0.814	0.893
973	0.805	0.084	0.224	0.25
974	0.087	0.002	0.097	0.817
975	0.404	0.107	0.973	0.968
976	0.291	0.298	0.022	0.532
977	0.825	0.28	0.183	0.452
978	0.037	0.337	0.78	0.85
979	0.877	0.655	0.314	0.102
980	0.035	0.188	0.907	0.132
981	0.594	0.536	0.112	0.567
982	0.568	0.858	0.801	0.59
983	0.622	0.415	0.67	0.805
984	0.026	0.842	0.204	0.805
985	0.434	0.683	0.347	0.748
986	0.252	0.782	0.973	0.159
987	0.978	0.753	0.45	0.09
988	0.954	0.659	0.178	0.755
989	0.567	0.377	0.664	0.237
990	0.531	0.263	0.025	0.735
991	0.717	0.169	0.751	0.064
992	0.535	0.316	0.699	0.508
993	0.613	0.486	0.228	0.063
994	0.548	0.016	0.235	0.726
995	0.483	0.294	0.149	0.147
996	0.332	0.677	0.794	0.356
997	0.863	0.073	0.581	0.614
998	0.498	0.149	0.453	0.197
999	0.928	0.809	0.142	0.156
1000	0.718	0.704	0.889	0.953
;



# y_test and A_test
param y_test :=
1	1
2	-1
3	1
4	1
5	-1
6	1
7	1
8	-1
9	-1
10	1
11	-1
12	1
13	-1
14	-1
15	1
16	1
17	-1
18	1
19	1
20	1
21	1
22	-1
23	-1
24	1
25	1
26	-1
27	-1
28	-1
29	-1
30	-1
31	-1
32	-1
33	-1
34	-1
35	1
36	-1
37	1
38	1
39	-1
40	-1
41	1
42	-1
43	1
44	-1
45	1
46	1
47	-1
48	-1
49	-1
50	1
51	-1
52	1
53	1
54	-1
55	-1
56	1
57	-1
58	-1
59	-1
60	-1
61	-1
62	-1
63	1
64	-1
65	1
66	-1
67	-1
68	1
69	-1
70	1
71	-1
72	-1
73	1
74	1
75	1
76	1
77	1
78	-1
79	1
80	1
81	-1
82	-1
83	1
84	-1
85	1
86	-1
87	-1
88	1
89	-1
90	1
91	-1
92	1
93	-1
94	1
95	-1
96	-1
97	1
98	-1
99	1
100	1
101	-1
102	-1
103	1
104	-1
105	1
106	1
107	-1
108	-1
109	1
110	1
111	1
112	-1
113	1
114	1
115	1
116	1
117	-1
118	-1
119	1
120	-1
121	1
122	1
123	1
124	1
125	1
126	1
127	1
128	-1
129	-1
130	-1
131	1
132	1
133	-1
134	-1
135	1
136	-1
137	-1
138	1
139	1
140	-1
141	-1
142	-1
143	-1
144	-1
145	1
146	-1
147	-1
148	-1
149	-1
150	-1
151	-1
152	-1
153	-1
154	1
155	1
156	-1
157	-1
158	1
159	-1
160	1
161	-1
162	-1
163	1
164	-1
165	1
166	-1
167	1
168	-1
169	-1
170	-1
171	-1
172	-1
173	1
174	1
175	-1
176	1
177	-1
178	-1
179	1
180	1
181	-1
182	-1
183	1
184	-1
185	-1
186	-1
187	-1
188	1
189	1
190	-1
191	1
192	-1
193	1
194	1
195	-1
196	1
197	1
198	-1
199	-1
200	1
201	-1
202	1
203	1
204	1
205	-1
206	1
207	-1
208	-1
209	1
210	1
211	-1
212	1
213	1
214	-1
215	-1
216	-1
217	-1
218	-1
219	1
220	-1
221	-1
222	-1
223	1
224	1
225	-1
226	1
227	-1
228	-1
229	1
230	-1
231	1
232	-1
233	1
234	1
235	-1
236	-1
237	1
238	-1
239	1
240	1
241	1
242	-1
243	1
244	1
245	1
246	1
247	1
248	-1
249	-1
250	1
251	1
252	1
253	-1
254	1
255	-1
256	1
257	-1
258	1
259	-1
260	1
261	-1
262	1
263	1
264	-1
265	1
266	-1
267	1
268	1
269	1
270	-1
271	1
272	-1
273	-1
274	-1
275	1
276	1
277	-1
278	1
279	1
280	1
281	-1
282	-1
283	1
284	-1
285	-1
286	1
287	1
288	1
289	-1
290	-1
291	1
292	-1
293	1
294	-1
295	-1
296	-1
297	-1
298	1
299	1
300	1
301	-1
302	-1
303	1
304	1
305	-1
306	1
307	1
308	1
309	1
310	-1
311	1
312	-1
313	1
314	1
315	1
316	-1
317	-1
318	-1
319	-1
320	1
321	-1
322	1
323	-1
324	1
325	1
326	1
327	1
328	1
329	-1
330	1
331	-1
332	1
333	-1
334	1
335	-1
336	1
337	1
338	-1
339	1
340	1
341	1
342	-1
343	1
344	-1
345	-1
346	1
347	-1
348	-1
349	1
350	1
351	1
352	1
353	1
354	1
355	1
356	1
357	-1
358	1
359	1
360	-1
361	-1
362	-1
363	-1
364	1
365	-1
366	1
367	-1
368	-1
369	-1
370	-1
371	-1
372	-1
373	-1
374	1
375	-1
376	-1
377	1
378	-1
379	-1
380	-1
381	1
382	-1
383	-1
384	1
385	1
386	1
387	-1
388	-1
389	1
390	-1
391	-1
392	-1
393	-1
394	1
395	1
396	1
397	-1
398	-1
399	1
400	1
401	-1
402	-1
403	-1
404	-1
405	1
406	-1
407	1
408	-1
409	-1
410	-1
411	-1
412	1
413	1
414	1
415	-1
416	-1
417	-1
418	-1
419	-1
420	-1
421	1
422	1
423	1
424	-1
425	1
426	1
427	-1
428	1
429	1
430	1
431	-1
432	-1
433	1
434	-1
435	1
436	-1
437	1
438	1
439	-1
440	-1
441	-1
442	1
443	-1
444	1
445	1
446	-1
447	-1
448	-1
449	-1
450	1
451	-1
452	-1
453	1
454	-1
455	-1
456	1
457	1
458	-1
459	1
460	-1
461	1
462	-1
463	1
464	1
465	1
466	-1
467	-1
468	1
469	-1
470	-1
471	1
472	1
473	1
474	-1
475	1
476	1
477	1
478	1
479	-1
480	-1
481	1
482	1
483	1
484	-1
485	-1
486	-1
487	1
488	-1
489	-1
490	-1
491	-1
492	-1
493	1
494	1
495	1
496	-1
497	1
498	1
499	-1
500	-1
501	1
502	-1
503	1
504	1
505	1
506	-1
507	1
508	-1
509	1
510	1
511	1
512	1
513	1
514	-1
515	-1
516	1
517	1
518	-1
519	-1
520	1
521	-1
522	-1
523	1
524	1
525	1
526	1
527	-1
528	1
529	1
530	-1
531	1
532	1
533	1
534	1
535	-1
536	-1
537	-1
538	1
539	-1
540	1
541	1
542	-1
543	-1
544	-1
545	-1
546	-1
547	1
548	1
549	-1
550	-1
551	1
552	1
553	1
554	-1
555	-1
556	-1
557	1
558	1
559	-1
560	-1
561	1
562	1
563	-1
564	-1
565	-1
566	1
567	-1
568	-1
569	-1
570	-1
571	1
572	-1
573	1
574	1
575	-1
576	1
577	1
578	-1
579	1
580	-1
581	-1
582	-1
583	-1
584	-1
585	1
586	-1
587	1
588	1
589	1
590	1
591	1
592	1
593	-1
594	-1
595	-1
596	1
597	-1
598	1
599	-1
600	1
601	-1
602	1
603	-1
604	-1
605	-1
606	-1
607	1
608	-1
609	-1
610	-1
611	-1
612	-1
613	1
614	-1
615	1
616	1
617	-1
618	1
619	1
620	1
621	1
622	1
623	1
624	-1
625	-1
626	1
627	1
628	-1
629	-1
630	1
631	1
632	1
633	1
634	-1
635	1
636	-1
637	1
638	1
639	-1
640	1
641	1
642	-1
643	-1
644	1
645	-1
646	1
647	-1
648	-1
649	1
650	-1
651	-1
652	1
653	-1
654	-1
655	-1
656	1
657	-1
658	-1
659	-1
660	-1
661	-1
662	-1
663	-1
664	-1
665	-1
666	-1
667	-1
668	1
669	1
670	-1
671	-1
672	-1
673	-1
674	1
675	-1
676	-1
677	-1
678	1
679	-1
680	1
681	-1
682	1
683	-1
684	-1
685	1
686	1
687	1
688	-1
689	1
690	1
691	-1
692	-1
693	-1
694	-1
695	-1
696	1
697	-1
698	-1
699	-1
700	-1
701	-1
702	1
703	1
704	-1
705	-1
706	-1
707	-1
708	-1
709	1
710	-1
711	-1
712	-1
713	-1
714	-1
715	-1
716	-1
717	1
718	1
719	1
720	-1
721	1
722	-1
723	1
724	-1
725	-1
726	1
727	-1
728	1
729	1
730	-1
731	1
732	1
733	1
734	-1
735	-1
736	1
737	-1
738	-1
739	1
740	1
741	-1
742	-1
743	1
744	-1
745	-1
746	1
747	1
748	-1
749	1
750	-1
751	-1
752	1
753	-1
754	1
755	1
756	-1
757	-1
758	-1
759	-1
760	1
761	-1
762	-1
763	1
764	1
765	1
766	-1
767	-1
768	-1
769	1
770	1
771	1
772	1
773	1
774	-1
775	-1
776	-1
777	1
778	-1
779	-1
780	-1
781	1
782	1
783	1
784	-1
785	-1
786	-1
787	1
788	-1
789	1
790	-1
791	-1
792	-1
793	1
794	1
795	1
796	-1
797	1
798	1
799	1
800	-1
801	-1
802	1
803	1
804	-1
805	-1
806	-1
807	1
808	1
809	1
810	1
811	1
812	1
813	-1
814	-1
815	-1
816	-1
817	-1
818	1
819	-1
820	-1
821	1
822	-1
823	-1
824	1
825	1
826	1
827	1
828	-1
829	1
830	1
831	-1
832	1
833	-1
834	1
835	1
836	-1
837	-1
838	1
839	1
840	1
841	-1
842	-1
843	-1
844	-1
845	-1
846	-1
847	1
848	-1
849	1
850	1
851	1
852	-1
853	-1
854	-1
855	1
856	1
857	-1
858	1
859	-1
860	1
861	-1
862	-1
863	-1
864	-1
865	1
866	1
867	-1
868	1
869	1
870	-1
871	-1
872	1
873	1
874	1
875	-1
876	-1
877	1
878	1
879	-1
880	1
881	-1
882	-1
883	1
884	-1
885	1
886	-1
887	-1
888	-1
889	-1
890	1
891	1
892	-1
893	-1
894	1
895	1
896	1
897	-1
898	1
899	1
900	1
901	-1
902	1
903	-1
904	1
905	-1
906	1
907	-1
908	-1
909	-1
910	-1
911	1
912	-1
913	1
914	1
915	1
916	-1
917	1
918	-1
919	-1
920	1
921	-1
922	-1
923	-1
924	-1
925	1
926	-1
927	-1
928	1
929	1
930	1
931	-1
932	1
933	1
934	-1
935	1
936	1
937	-1
938	1
939	1
940	1
941	-1
942	-1
943	-1
944	1
945	1
946	1
947	-1
948	1
949	1
950	1
951	1
952	1
953	-1
954	1
955	1
956	-1
957	-1
958	1
959	-1
960	1
961	-1
962	-1
963	-1
964	-1
965	1
966	1
967	-1
968	-1
969	1
970	-1
971	1
972	1
973	-1
974	1
975	-1
976	1
977	-1
978	1
979	1
980	-1
981	1
982	1
983	-1
984	-1
985	1
986	1
987	1
988	-1
989	-1
990	1
991	-1
992	-1
993	-1
994	-1
995	-1
996	-1
997	-1
998	1
999	-1
1000	1
;

param A_test : 1 2 3 4 :=
1	0.66	0.436	0.724	0.809
2	0.255	0.141	0.26	0.049
3	0.672	0.912	0.571	0.253
4	0.708	0.751	0.674	0.16
5	0.331	0.088	0.758	0.473
6	0.63	0.191	0.948	0.518
7	0.379	0.179	0.579	0.103
8	0.162	0.358	0.13	0.421
9	0.627	0.093	0.319	0.198
10	0.844	0.906	0.098	0.519
11	0.046	0.849	0.155	0.804
12	0.399	0.434	0.513	0.347
13	0.656	0.726	0.131	0.236
14	0.119	0.397	0.187	0.249
15	0.594	0.876	0.912	0.913
16	0.259	0.758	0.98	0.357
17	0.047	0.403	0.125	0.201
18	0.447	0.6	0.641	0.96
19	0.593	0.616	0.673	0.724
20	0.502	0.843	0.249	0.689
21	0.068	0.283	0.968	0.98
22	0.043	0.239	0.953	0.023
23	0.23	0.07	1	0.355
24	0.207	0.802	0.871	0.848
25	0.818	0.441	0.378	0.492
26	0.23	0.993	0.009	0.479
27	0.101	0.548	0.965	0.069
28	0.16	0.112	0.767	0.114
29	0.363	0.343	0.205	0.363
30	0.476	0.57	0.5	0.347
31	0.262	0.165	0.859	0.64
32	0.024	0.87	0.65	0.033
33	0.332	0.134	0.897	0.297
34	0.425	0.458	0.316	0.192
35	0.451	0.555	0.915	0.656
36	0.613	0.131	0.487	0.113
37	0.905	0.375	0.644	0.764
38	0.3	0.788	0.886	0.951
39	0.235	0.283	0.955	0.133
40	0.158	0.558	0.038	0.474
41	0.609	0.924	0.304	0.524
42	0.221	0.137	0.712	0.708
43	0.19	0.613	0.626	0.833
44	0.641	0.134	0.164	0.527
45	0.985	0.763	0.368	0.94
46	0.948	0.098	0.453	0.986
47	0.202	0.595	0.496	0.506
48	0.076	0.726	0.257	0.788
49	0.508	0.977	0.047	0.134
50	0.423	0.775	0.945	0.587
51	0.029	0.572	0.065	0.397
52	0.96	0.345	0.61	0.413
53	0.181	0.614	0.927	0.677
54	0.046	0.753	0.846	0.303
55	0.281	0.811	0.518	0.327
56	0.329	0.751	0.72	0.273
57	0.022	0.302	0.91	0.087
58	0.422	0.047	0.044	0.032
59	0.375	0.213	0.073	0.302
60	0.193	0.348	0.643	0.04
61	0.184	0.32	0.463	0.702
62	0.408	0.03	0.398	0.127
63	0.736	0.149	0.606	0.646
64	0.305	0.068	0.283	0.349
65	0.742	0.724	0.314	0.815
66	0.204	0.008	0.375	0.847
67	0.027	0.031	0.368	0.489
68	0.016	0.897	0.763	0.414
69	0.066	0.15	0.174	0.672
70	0.41	0.977	0.865	0.693
71	0.965	0.435	0.05	0.279
72	0.076	0.482	0.258	0.451
73	0.306	0.477	0.36	0.674
74	0.093	0.69	0.864	0.856
75	0.888	0.922	0.254	0.062
76	0.05	0.472	0.571	0.915
77	0.896	0.88	0.6	0.946
78	0.849	0.022	0.641	0.108
79	0.97	0.414	0.95	0.331
80	0.917	0.424	0.779	0.78
81	0.883	0.669	0.202	0.137
82	0.797	0.187	0.204	0.368
83	0.369	0.264	0.982	0.969
84	0.14	0.818	0.233	0.781
85	0.705	0.751	0.339	0.656
86	0.428	0.572	0.506	0.206
87	0.785	0.089	0.021	0.988
88	0.753	0.784	0.413	0.956
89	0.515	0.325	0.416	0.497
90	0.626	0.637	0.112	0.859
91	0.037	0.564	0.169	0.377
92	0.251	0.804	0.792	0.756
93	0.144	0.542	0.1	0.166
94	0.325	0.918	0.314	0.739
95	0.465	0.254	0.199	0.881
96	0.493	0.507	0.388	0.605
97	0.806	0.642	0.93	0.975
98	0.149	0.226	0.823	0.941
99	0.834	0.085	0.524	0.934
100	0.053	0.259	0.17	0.367
101	0.044	0.832	0.252	0.244
102	0.003	0.737	0.22	0.391
103	0.586	0.197	0.983	0.516
104	0.002	0.665	0.398	0.825
105	0.38	0.659	0.691	0.904
106	0.942	0.958	0.852	0.112
107	0.85	0.156	0.157	0.101
108	0.87	0.104	0.136	0.09
109	0.478	0.676	0.691	0.461
110	0.863	0.463	0.856	0.261
111	0.462	0.642	0.948	0.153
112	0.541	0.095	0.504	0.393
113	0.828	0.243	0.363	0.985
114	0.762	0.855	0.448	0.898
115	0.943	0.376	0.622	0.634
116	0.814	0.498	0.3	0.67
117	0.588	0.132	0.401	0.536
118	0.946	0.077	0.38	0.45
119	0.586	0.279	0.714	0.949
120	0.058	0.711	0.12	0.507
121	0.065	0.45	0.985	0.687
122	0.822	0.501	0.582	0.122
123	0.341	0.71	0.304	0.741
124	0.589	0.688	0.324	0.968
125	0.795	0.555	0.417	0.508
126	0.681	0.566	0.215	0.8
127	0.824	0.865	0.523	0.809
128	0.607	0.631	0.054	0.188
129	0.226	0.529	0.463	0.529
130	0.71	0.118	0.957	0.034
131	0.095	0.828	0.641	0.512
132	0.145	0.192	0.903	0.359
133	0.976	0.183	0.858	0.499
134	0.411	0.105	0.624	0.465
135	0.377	0.69	0.822	0.84
136	0.092	0.55	0.337	0.049
137	0.424	0.145	0.412	0.064
138	0.749	0.209	0.849	0.652
139	0.841	0.628	0.751	0.699
140	0.744	0.11	0.231	0.368
141	0.525	0.745	0.265	0.347
142	0.485	0.438	0.135	0.822
143	0.718	0.246	0.632	0.131
144	0.289	0.879	0.519	0.137
145	0.088	0.979	0.159	0.839
146	0.285	0.583	0.788	0.517
147	0.363	0.041	0.695	0.629
148	0.28	0.114	0.826	0.415
149	0.314	0.133	0.182	0.946
150	0.492	0.234	0.143	0.011
151	0.674	0.099	0.35	0.833
152	0.029	0.118	0.521	0.817
153	0.471	0.18	0.676	0.167
154	0.063	0.447	0.923	0.889
155	0.858	0.203	0.995	0.04
156	0.258	0.532	0.383	0.401
157	0.754	0.075	0.641	0.105
158	0.579	0.133	0.026	0.1
159	0.661	0.571	0.13	0.337
160	0.939	0.4	0.184	0.862
161	0.046	0.72	0.492	0.04
162	0.64	0.298	0.292	0.023
163	0.835	0.777	0.775	0.476
164	0.683	0.055	0.015	0.709
165	0.965	0.37	0.726	0.096
166	0.464	0.035	0.106	0.648
167	0.396	0.693	0.617	0.887
168	0.377	0.528	0.032	0.669
169	0.731	0.504	0.328	0.506
170	0.21	0.189	0.035	0.225
171	0.19	0.19	0.268	0.916
172	0.975	0.38	0.321	0.081
173	0.218	0.477	0.721	0.835
174	0.455	0.212	0.892	0.487
175	0.443	0.218	0.386	0.771
176	0.366	0.98	0.914	0.401
177	0.812	0.592	0.396	0.08
178	0.682	0.055	0.888	0.002
179	0.916	0.22	0.614	0.637
180	0.978	0.092	0.267	0.87
181	0.149	0.313	0.797	0.535
182	0.522	0.9	0.064	0.435
183	0.269	0.247	0.893	0.665
184	0.401	0.346	0.382	0.289
185	0.519	0.205	0.569	0.133
186	0.624	0.111	0.934	0.892
187	0.513	0.041	0.294	0.31
188	0.377	0.832	0.475	0.441
189	0.777	0.71	0.514	0.67
190	0.841	0.071	0.721	0.224
191	0.07	0.743	0.565	0.639
192	0.407	0.263	0.986	0.341
193	0.967	0.854	0.195	0.261
194	0.77	0.638	0.997	0.245
195	0.264	0.022	0.789	0.778
196	0.164	0.619	0.763	0.885
197	0.122	0.955	0.585	0.687
198	0.461	0.093	0.856	0.447
199	0.01	0.413	0.288	0.205
200	0.453	0.975	0.312	0.449
201	0.391	0.713	0.242	0.18
202	0.934	0.344	0.11	0.697
203	0.953	0.819	0.184	0.539
204	0.777	0.999	0.599	0.633
205	0.033	0.644	0.859	0.322
206	0.534	0.774	0.824	0.845
207	0.044	0.236	0.937	0.287
208	0.428	0.221	0.76	0.538
209	0.989	0.491	0.736	0.173
210	0.242	0.95	0.03	0.841
211	0.476	0.875	0.228	0.335
212	0.076	0.869	0.97	0.9
213	0.194	0.944	0.951	0.13
214	0.367	0.558	0.452	0.127
215	0.369	0.117	0.588	0.105
216	0.618	0.348	0.24	0.648
217	0.824	0.124	0.063	0.051
218	0.259	0.128	0.327	0.23
219	0.042	0.423	0.972	0.992
220	0.203	0.359	0.112	0.655
221	0.208	0.024	0.603	0.796
222	0.893	0.414	0.476	0.133
223	0.665	0.957	0.185	0.729
224	0.644	0.988	0.136	0.971
225	0.164	0.013	0.641	0.137
226	0.195	0.34	0.364	0.307
227	0.851	0.515	0.018	0.454
228	0.147	0.347	0.724	0.623
229	0.786	0.288	0.437	0.971
230	0.446	0.615	0.005	0.582
231	0.222	0.747	0.599	0.863
232	0.604	0.058	0.223	0.968
233	0.217	0.819	0.879	0.235
234	0.19	0.382	0.62	0.914
235	0.1	0.7	0.294	0.538
236	0.311	0.983	0.285	0.316
237	0.871	0.538	0.312	0.47
238	0.196	0.074	0.46	0.419
239	0.824	0.636	0.862	0.703
240	0.135	0.893	0.254	0.755
241	0.259	0.855	0.506	0.553
242	0.177	0.864	0.376	0.462
243	0.942	0.334	0.718	0.254
244	0.119	0.45	0.878	0.579
245	0.92	0.403	0.505	0.782
246	0.377	0.917	0.999	0.631
247	0.806	0.89	0.528	0.313
248	0.92	0.49	0.307	0.297
249	0.486	0.239	0.285	0.204
250	0.089	0.323	0.943	0.967
251	0.812	0.887	0.305	0.318
252	0.412	0.695	0.586	0.411
253	0.258	0.217	0.217	0.785
254	0.66	0.706	0.019	0.967
255	0.971	0.453	0.241	0.256
256	0.735	0.345	0.981	0.678
257	0.883	0.49	0.199	0.188
258	0.868	0.6	0.503	0.453
259	0.83	0.711	0.228	0.046
260	0.758	0.706	0.202	0.777
261	0.205	0.748	0.126	0.446
262	0.784	0.181	0.35	0.765
263	0.662	0.648	0.349	0.861
264	0.157	0.728	0.436	0.661
265	0.447	0.491	0.893	0.676
266	0.389	0.434	0.243	0.591
267	0.916	0.796	0.959	0.042
268	0.964	0.826	0.422	0.313
269	0.281	0.975	0.238	0.63
270	0.074	0.788	0.564	0.51
271	0.746	0.958	0.939	0.638
272	0.476	0.027	0.067	0.719
273	0.278	0.635	0.414	0.237
274	0.656	0.201	0.503	0.078
275	0.094	0.359	0.489	0.332
276	0.325	0.406	0.777	0.889
277	0.226	0.635	0.874	0.165
278	0.507	0.641	0.301	0.574
279	0.92	0.852	0.995	0.334
280	0.673	0.99	0.29	0.176
281	0.804	0.27	0.428	0.293
282	0.417	0.619	0.008	0.194
283	0.924	0.42	0.143	0.798
284	0.417	0.305	0.226	0.718
285	0.586	0.638	0.731	0.581
286	0.821	0.254	0.962	0.11
287	0.03	0.914	0.7	0.458
288	0.302	0.875	0.826	0.31
289	0.334	0.234	0.49	0.477
290	0.075	0.895	0.337	0.301
291	0.217	0.887	0.251	0.948
292	0.224	0.769	0.722	0.186
293	0.152	0.216	0.793	0.852
294	0	0.154	0.55	0.826
295	0.62	0.16	0.698	0.11
296	0.73	0.185	0.532	0.068
297	0.145	0.284	0.373	0.397
298	0.841	0.62	0.002	0.563
299	0.881	0.715	0.022	0.674
300	0.697	0.674	0.721	0.246
301	0.185	0.866	0.661	0.883
302	0.299	0.614	0.161	0.831
303	0.646	0.976	0.966	0.019
304	0.198	0.86	0.993	0.2
305	0.799	0.081	0.137	0.821
306	0.704	0.518	0.428	0.426
307	0.929	0.611	0.631	0.59
308	0.607	0.888	0.108	0.767
309	0.789	0.414	0.695	0.755
310	0.068	0.953	0.292	0.061
311	0.715	0.86	0.234	0.852
312	0.988	0.556	0.199	0.417
313	0.964	0.345	0.593	0.594
314	0.088	0.201	0.823	0.196
315	0.542	0.985	0.382	0.237
316	0.814	0.305	0.693	0.107
317	0.846	0.821	0.226	0.08
318	0.907	0.068	0.23	0.107
319	0.212	0.07	0.83	0.805
320	0.765	0.893	0.866	0.588
321	0.834	0.131	0.074	0.216
322	0.813	0.03	0.673	0.506
323	0.04	0.352	0.958	0.266
324	0.632	0.173	0.5	0.861
325	0.984	0.073	0.35	0.814
326	0.015	0.579	0.772	0.881
327	0.861	0.715	0.298	0.934
328	0.666	0.748	0.961	0.339
329	0.098	0.379	0.606	0.057
330	0.038	0.688	0.817	0.538
331	0.097	0.522	0.623	0.447
332	0.502	0.462	0.915	0.273
333	0.083	0.134	0.058	0.381
334	0.989	0.047	0.816	0.95
335	0.07	0.049	0.765	0.676
336	0.409	0.715	0.793	0.227
337	0.343	0.324	0.775	0.966
338	0.112	0.467	0.232	0.027
339	0.575	0.11	0.874	0.633
340	0.942	0.621	0.538	0.758
341	0.924	0.828	0.62	0.689
342	0.725	0.098	0.22	0.518
343	0.473	0.861	0.649	0.248
344	0.419	0.36	0.294	0.652
345	0.034	0.227	0.498	0.908
346	0.988	0.851	0.48	0.526
347	0.052	0.45	0.437	0.672
348	0.942	0.397	0.237	0.162
349	0.562	0.634	0.777	0.211
350	0.603	0.63	0.242	0.897
351	0.63	0.931	0.508	0.127
352	0.367	0.116	0.69	0.848
353	0.298	0.9	0.092	0.736
354	0.23	0.678	0.969	0.467
355	0.885	0.029	0.473	0.661
356	0.355	0.265	0.869	0.598
357	0.151	0.227	0.093	0.659
358	0.932	0.026	0.47	0.622
359	0.112	0.92	0.773	0.203
360	0.345	0.434	0.333	0.314
361	0.172	0.198	0.93	0.646
362	0.169	0.001	0.124	0.039
363	0.286	0.189	0.826	0.379
364	0.18	0.311	0.874	0.65
365	0.747	0.762	0.852	0.52
366	0.508	0.864	0.399	0.841
367	0.3	0.014	0.376	0.229
368	0.235	0.399	0.661	0.36
369	0.26	0.646	0.627	0.086
370	0.475	0.266	0.336	0.348
371	0.268	0.095	0.678	0.121
372	0.643	0.629	0.479	0.042
373	0.656	0.342	0.484	0.032
374	0.144	0.268	0.97	0.804
375	0.407	0.064	0.274	0.034
376	0.299	0.508	0.415	0.635
377	0.331	0.903	0.951	0.009
378	0.566	0.652	0.653	0.045
379	0.123	0.701	0.036	0.607
380	0.607	0.751	0.001	0.577
381	0.628	0.984	0.619	0.902
382	0.768	0.201	0.526	0.184
383	0.383	0.515	0.738	0.334
384	0.762	0.9	0.176	0.414
385	0.871	0.537	0.646	0.907
386	0.379	0.513	0.895	0.38
387	0.45	0.008	0.074	0.068
388	0.092	0.837	0.111	0.619
389	0.946	0.002	0.535	0.684
390	0.059	0.446	0.236	0.236
391	0.182	0.106	0.398	0.828
392	0.542	0.207	0.526	0.436
393	0.617	0.886	0.595	0.691
394	0.506	0.783	0.791	0.617
395	0.812	0.563	0.404	0.347
396	0.74	0.406	0.693	0.976
397	0.554	0.158	0.748	0.952
398	0.761	0.493	0.192	0.287
399	0.779	0.903	0.816	0.374
400	0.77	0.88	0.377	0.562
401	0.779	0.373	0.06	0.183
402	0.307	0.923	0.126	0
403	0.768	0.554	0.057	0.515
404	0.042	0.276	0.999	0.234
405	0.929	0.013	0.466	0.745
406	0.06	0.515	0.268	0.438
407	0.765	0.217	0.45	0.825
408	0.17	0.132	0.322	0.296
409	0.221	0.064	0.687	0.278
410	0.193	0.32	0.855	0.192
411	0.418	0.121	0.567	0.884
412	0.954	0.945	0.381	0.222
413	0.457	0.987	0.599	0.907
414	0.999	0.078	0.944	0.321
415	0.076	0.543	0.438	0.763
416	0.017	0.955	0.14	0.872
417	0.694	0.29	0.268	0.26
418	0.134	0.215	0.119	0.514
419	0.501	0.972	0.424	0.1
420	0.235	0.099	0.957	0.179
421	0.331	0.255	0.963	0.768
422	0.783	0.785	0.973	0.923
423	0.121	0.617	0.947	0.389
424	0.122	0.522	0.092	0.241
425	0.529	0.742	0.009	0.952
426	0.888	0.188	0.941	0.845
427	0.362	0.176	0.622	0.325
428	0.64	0.109	0.729	0.613
429	0.386	0.734	0.649	0.334
430	0.527	0.455	0.645	0.619
431	0.682	0.147	0.438	0.691
432	0.28	0.579	0.288	0.222
433	0.655	0.583	0.6	0.277
434	0.545	0.916	0.017	0.274
435	0.049	0.661	0.263	0.698
436	0.385	0.225	0.45	0.03
437	0.146	0.711	0.991	0.584
438	0.091	0.864	0.981	0.379
439	0.405	0.033	0.669	0.005
440	0.577	0.55	0.226	0.594
441	0.755	0.643	0.485	0.018
442	0.479	0.403	0.566	0.929
443	0.41	0.075	0.144	0.4
444	0.546	0.491	0.523	0.526
445	0.608	0.931	0.903	0.277
446	0.213	0.855	0.487	0.439
447	0.311	0.194	0.092	0.796
448	0.434	0.276	0.615	0
449	0.048	0.41	0.28	0.192
450	0.939	0.737	0.301	0.462
451	0.171	0.07	0.195	0.074
452	0.132	0.286	0.201	0.618
453	0.65	0.93	0.919	0.743
454	0.131	0.177	0.001	0.746
455	0.206	0.793	0.587	0.486
456	0.397	0.425	0.722	0.698
457	0.986	0.869	0.956	0.181
458	0.303	0.312	0.229	0.505
459	0.954	0.155	0.86	0.872
460	0.586	0.003	0.074	0.587
461	0.251	0.794	0.542	0.838
462	0.527	0.235	0.705	0.249
463	0.592	0.235	0.802	0.548
464	0.744	0.851	0.728	0.973
465	0.658	0.927	0.511	0.518
466	0.409	0.104	0.802	0.483
467	0.551	0.734	0.485	0.093
468	0.764	0.62	0.807	0.469
469	0.74	0.061	0.104	0.542
470	0.519	0.287	0.46	0.247
471	0.816	0.905	0.187	0.327
472	0.986	0.736	0.527	0.788
473	0.218	0.339	0.953	0.703
474	0.525	0.467	0.052	0.332
475	0.921	0.072	0.998	0.024
476	0.607	0.544	0.901	0.067
477	0.161	0.883	0.695	0.348
478	0.119	0.333	0.946	0.646
479	0.165	0.864	0.46	0.117
480	0.892	0.642	0.034	0.943
481	0.971	0.864	0.047	0.968
482	0.661	0.575	0.432	0.562
483	0.222	0.723	0.525	0.918
484	0.736	0.037	0.404	0.682
485	0.525	0.846	0.546	0.985
486	0.113	0.877	0.606	0.147
487	0.581	0.118	0.684	0.627
488	0.573	0.289	0.661	0.005
489	0.303	0.227	0.574	0.829
490	0.645	0.564	0.182	0.049
491	0.864	0.574	0.092	0.41
492	0.056	0.523	0.437	0.662
493	0.257	0.243	0.788	0.941
494	0.874	0.514	0.159	0.536
495	0.01	0.839	0.746	0.585
496	0.891	0.23	0.233	0.072
497	0.479	0.936	0.853	0.571
498	0.413	0.627	0.869	0.849
499	0.54	0.106	0.532	0.328
500	0.403	0.202	0.561	0.562
501	0.08	0.572	0.577	0.825
502	0.245	0.716	0.386	0.478
503	0.665	0.956	0.725	0.518
504	0.071	0.931	0.155	0.941
505	0.444	0.48	0.887	0.976
506	0.934	0.379	0.01	0.496
507	0.748	0.575	0.512	0.325
508	0.669	0.571	0.117	0.055
509	0.905	0.72	0.005	0.63
510	0.533	0.701	0.169	0.687
511	0.949	0.131	0.121	0.836
512	0.929	0.77	0.486	0.939
513	0.426	0.687	0.841	0.938
514	0.242	0.607	0.584	0.358
515	0.632	0.263	0.381	0.637
516	0.619	0.17	0.593	0.787
517	0.234	0.737	0.988	0.356
518	0.096	0.285	0.343	0.581
519	0.609	0.007	0.912	0.45
520	0.924	0.692	0.552	0.508
521	0.213	0.14	0.313	0.594
522	0.206	0.213	0.947	0.799
523	0.805	0.033	0.736	0.793
524	0.309	0.889	0.674	0.652
525	0.898	0.261	0.477	0.81
526	0.422	0.734	0.403	0.974
527	0.453	0.187	0.382	0.766
528	0.159	0.972	0.994	0.107
529	0.994	0.912	0.805	0.73
530	0.194	0.039	0.593	0.868
531	0.063	0.766	0.952	0.541
532	0.663	0.963	0.31	0.066
533	0.552	0.519	0.125	0.934
534	0.906	0.093	0.258	0.9
535	0.03	0.894	0.112	0.835
536	0.817	0.029	0.663	0.41
537	0.354	0.473	0.663	0.306
538	0.238	0.969	0.977	0.548
539	0.914	0.1	0.554	0.039
540	0.84	0.945	0.128	0.098
541	0.328	0.127	0.739	0.44
542	0.363	0.256	0.991	0.026
543	0.887	0.379	0.14	0.55
544	0.154	0.788	0.654	0.131
545	0.689	0.045	0.437	0.243
546	0.471	0.082	0.028	0.599
547	0.873	0.927	0.307	0.612
548	0.269	0.975	0.623	0.26
549	0.289	0.147	0.38	0.429
550	0.065	0.583	0.486	0.719
551	0.822	0.408	0.758	0.259
552	0.842	0.731	0.733	0.87
553	0.913	0.744	0.256	0.22
554	0.622	0.489	0.331	0.245
555	0.331	0.534	0.897	0.711
556	0.594	0.776	0.546	0.08
557	0.26	0.902	0.902	0.018
558	0.553	0.86	0.893	0.285
559	0.222	0.198	0.474	0.478
560	0.83	0.1	0.907	0.161
561	0.657	0.492	0.879	0.554
562	0.843	0.148	0.979	0.389
563	0.474	0.649	0.131	0.377
564	0.293	0.929	0.527	0.185
565	0.257	0.407	0.413	0.731
566	0.831	0.561	0.985	0.738
567	0.33	0.395	0.214	0.209
568	0.417	0.051	0.097	0.397
569	0.326	0.871	0.089	0.456
570	0.756	0.749	0.177	0.283
571	0.392	0.54	0.341	0.804
572	0.226	0.635	0.833	0.211
573	0.555	0.541	0.768	0.769
574	0.717	0.186	0.801	0.815
575	0.241	0.14	0.454	0.33
576	0.702	0.087	0.346	0.879
577	0.28	0.27	0.91	0.622
578	0.182	0.848	0.71	0.015
579	0.083	0.569	0.6	0.851
580	0.349	0.568	0.524	0.15
581	0.107	0.391	0.523	0.561
582	0.12	0.263	0.808	0.466
583	0.178	0.746	0.412	0.088
584	0.487	0.27	0.216	0.196
585	0.275	0.279	0.854	0.875
586	0.192	0.224	0.697	0.716
587	0.08	0.824	0.765	0.602
588	0.486	0.722	0.648	0.294
589	0.789	0.472	0.934	0.201
590	0.302	0.688	0.829	0.518
591	0.114	0.793	0.163	0.968
592	0.292	0.16	0.892	0.989
593	0.265	0.069	0.699	0.03
594	0.084	0.516	0.394	0.732
595	0.582	0.522	0.282	0.516
596	0.841	0.818	0.411	0.67
597	0.295	0.784	0.129	0.458
598	0.797	0.75	0.912	0.688
599	0.787	0.954	0.808	0.487
600	0.479	0.571	0.5	0.873
601	0.31	0.455	0.825	0.592
602	0.547	0.433	0.788	0.958
603	0.124	0.253	0.887	0.253
604	0.639	0.05	0.461	0.551
605	0.2	0.338	0.692	0.008
606	0.675	0.488	0.396	0.175
607	0.699	0.485	0.816	0.523
608	0.786	0.071	0.51	0.574
609	0.613	0.699	0.282	0.5
610	0.993	0.14	0.002	0.454
611	0.74	0.654	0.029	0.431
612	0.854	0.107	0.15	0.25
613	0.511	0.949	0.768	0.326
614	0.845	0.113	0.543	0.354
615	0.572	0.967	0.386	0.854
616	0.337	0.847	0.607	0.339
617	0.298	0.078	0.955	0.327
618	0.617	0.181	0.616	0.767
619	0.899	0.278	0.38	0.666
620	0.852	0.511	0.717	0.396
621	0.404	0.968	0.833	0.79
622	0.3	0.127	0.669	0.907
623	0.97	0.205	0.544	0.925
624	0.054	0.542	0.714	0.67
625	0.145	0.569	0.587	0.525
626	0.191	0.377	0.746	0.908
627	0.612	0.312	0.741	0.444
628	0.563	0.745	0.228	0.232
629	0.694	0.202	0.857	0.238
630	0.39	0.292	0.669	0.103
631	0.978	0.248	0.532	0.564
632	0.767	0.755	0.15	0.513
633	0.923	0.125	0.975	0.664
634	0.076	0.226	0.314	0.305
635	0.966	0.999	0.66	0.823
636	0.787	0.213	0.53	0.456
637	0.493	0.434	0.564	0.024
638	0.337	0.791	0.753	0.487
639	0.416	0.41	0.429	0.391
640	0.999	0.468	0.3	0.312
641	0.758	0.278	0.771	0.419
642	0.008	0.206	0.314	0.538
643	0.63	0.03	0.096	0.195
644	0.093	0.532	0.846	0.847
645	0.151	0.263	0.429	0.58
646	0.503	0.579	0.122	0.803
647	0.895	0.561	0.169	0.666
648	0.27	0.674	0.186	0.584
649	0.848	0.214	0.242	0.944
650	0.297	0.037	0.94	0.143
651	0.96	0.294	0.146	0.389
652	0.801	0.892	0.453	0.923
653	0.344	0.818	0.256	0.513
654	0.236	0.783	0.157	0.422
655	0.369	0.271	0.58	0.611
656	0.989	0.908	0.251	0.929
657	0.135	0.889	0.344	0.281
658	0.218	0.082	0.17	0.67
659	0.864	0.014	0.823	0.121
660	0.306	0.357	0.309	0.463
661	0.675	0.831	0.05	0.256
662	0.264	0.245	0.35	0.515
663	0.4	0.65	0.063	0.744
664	0.341	0.962	0.012	0.51
665	0.017	0.375	0.646	0.84
666	0.173	0.146	0.852	0.482
667	0.632	0.157	0.44	0.682
668	0.882	0.946	0.657	0.231
669	0.831	0.631	0.111	0.894
670	0.041	0.235	0.337	0.054
671	0.97	0.071	0.12	0.616
672	0.616	0.788	0.057	0.468
673	0.665	0.1	0.427	0.105
674	0.839	0.987	0.728	0.497
675	0.189	0.328	0.849	0.299
676	0.225	0.341	0.458	0.562
677	0.203	0.531	0.465	0.324
678	0.376	0.94	0.935	0.433
679	0.205	0.098	0.508	0.632
680	0.29	0.471	0.19	0.018
681	0.408	0.207	0.296	0.257
682	0.518	0.481	0.847	0.976
683	0.241	0.179	0.574	0.707
684	0.721	0.083	0.443	0.657
685	0.851	0.862	0.614	0.359
686	0.818	0.649	0.965	0.007
687	0.933	0.415	0.874	0.229
688	0.38	0.747	0.153	0.228
689	0.196	0.469	0.903	0.771
690	0.406	0.492	0.258	0.849
691	0.774	0.7	0.011	0.389
692	0.505	0.207	0.708	0.47
693	0.375	0.403	0.629	0.249
694	0.301	0.629	0.379	0.454
695	0.102	0.651	0.325	0.005
696	0.501	0.411	0.914	0.759
697	0.063	0.533	0.96	0.074
698	0.018	0.578	0.129	0.726
699	0.343	0.1	0.45	0.972
700	0.082	0.273	0.978	0.461
701	0.835	0.563	0.378	0.16
702	0.799	0.661	0.979	0.713
703	0.239	0.776	0.954	0.199
704	0.876	0.217	0.429	0.005
705	0.477	0.347	0.043	0.927
706	0.392	0.009	0.592	0.371
707	0.319	0.206	0.033	0.697
708	0.601	0.496	0.027	0.58
709	0.448	0.82	0.986	0.401
710	0.836	0.277	0.236	0.265
711	0.179	0.741	0.629	0.222
712	0.948	0.615	0.677	0.54
713	0.147	0.859	0.191	0.18
714	0.557	0.781	0.053	0.585
715	0.263	0.032	0.181	0.249
716	0.199	0.085	0.711	0.435
717	0.992	0.613	0.091	0.621
718	0.759	0.569	0.45	0.437
719	0.435	0.584	0.968	0.627
720	0.525	0.184	0.544	0.577
721	0.905	0.84	0.801	0.086
722	0.234	0.285	0.173	0.945
723	0.523	0.937	0.333	0.614
724	0.169	0.373	0.127	0.619
725	0.236	0.054	0.394	0.204
726	0.157	0.729	0.864	0.702
727	0.633	0.607	0.146	0.433
728	0.235	0.668	0.978	0.408
729	0.697	0.931	0.549	0.031
730	0.107	0.199	0.919	0.233
731	0.729	0.469	0.872	0.123
732	0.553	0.28	0.403	0.417
733	0.709	0.05	0.589	0.856
734	0.282	0.091	0.151	0.26
735	0.763	0.957	0.431	0.312
736	0.976	0.419	0.187	0.895
737	0.005	0.624	0.122	0.877
738	0.795	0.43	0.027	0.198
739	0.009	0.907	0.897	0.598
740	0.381	0.88	0.854	0.532
741	0.353	0.295	0.097	0.783
742	0.084	0.759	0.026	0.271
743	0.678	0.276	0.278	0.8
744	0.025	0.595	0.582	0.052
745	0.429	0.06	0.7	0.326
746	0.463	0.707	0.538	0.317
747	0.677	0.67	0.534	0.774
748	0.141	0.858	0.212	0.167
749	0.866	0.846	0.405	0.145
750	0.557	0.169	0.241	0.139
751	0.034	0.568	0.281	0.735
752	0.939	0.198	0.601	0.477
753	0.84	0.154	0.184	0.374
754	0.637	0.515	0.785	0.849
755	0.914	0.715	0.528	0.319
756	0.174	0.876	0.029	0.415
757	0.25	0.449	0.583	0.532
758	0.478	0.471	0.382	0.079
759	0.896	0.919	0.102	0.081
760	0.03	0.718	0.808	0.815
761	0.49	0.729	0.282	0.018
762	0.142	0.192	0.924	0.171
763	0.939	0.422	0.056	0.522
764	0.239	1	0.424	0.621
765	0.372	0.518	0.998	0.474
766	0.291	0.503	0.316	0.098
767	0.883	0.588	0.047	0.165
768	0.095	0.307	0.798	0.019
769	0.404	0.957	0.9	0.46
770	0.853	0.699	0.479	0.277
771	0.558	0.649	0.838	0.556
772	0.436	0.846	0.626	0.752
773	0.945	0.635	0.533	0.992
774	0.139	0.087	0.107	0.937
775	0.585	0.341	0.063	0.485
776	0.542	0.338	0.5	0.021
777	0.821	0.579	0.264	0.659
778	0.387	0.095	0.981	0.013
779	0.926	0.958	0.483	0.459
780	0.282	0.599	0.037	0.389
781	0.143	0.974	0.877	0.206
782	0.678	0.749	0.796	0.178
783	0.411	0.999	0.349	0.675
784	0.484	0.062	0.754	0.465
785	0.601	0.391	0.033	0.084
786	0.983	0.366	0.449	0.02
787	0.985	0.163	0.728	0.862
788	0.187	0.54	0.118	0.983
789	0.888	0.393	0.717	0.237
790	0.376	0.721	0.13	0.129
791	0.204	0.731	0.577	0.237
792	0.427	0.22	0.181	0.876
793	0.935	0.861	0.403	0.664
794	0.773	0.851	0.262	0.891
795	0.98	0.779	0.226	0.698
796	0.295	0.073	0.736	0.424
797	0.922	0.628	0.933	0.499
798	0.747	0.926	0.086	0.928
799	0.326	0.863	0.663	0.729
800	0.386	0.502	0.378	0.648
801	0.211	0.629	0.172	0.437
802	0.188	0.732	0.399	0.924
803	0.602	0.846	0.785	0.535
804	0.65	0.282	0.27	0.736
805	0.073	0.061	0.074	0.736
806	0.601	0.122	0.292	0.979
807	0.684	0.19	0.398	0.856
808	0.725	0.044	0.359	0.124
809	0.515	0.726	0.813	0.3
810	0.158	0.95	0.543	0.428
811	0.753	0.501	0.747	0.827
812	0.537	0.428	0.358	0.828
813	0.128	0.513	0.596	0.526
814	0.224	0.251	0.412	0.583
815	0.38	0.098	0.101	0.193
816	0.362	0.351	0.348	0.905
817	0.033	0.658	0.28	0.78
818	0.517	0.317	0.912	0.875
819	0.319	0.003	0.658	0.915
820	0.027	0.139	0.78	0.439
821	0.156	0.819	0.82	0.257
822	0.218	0.619	0.363	0.566
823	0.143	0.599	0.182	0.423
824	0.666	0.94	0.696	0.579
825	0.841	0.898	0.819	0.499
826	0.348	0.525	0.952	0.129
827	0.674	0.284	0.784	0.494
828	0.796	0.712	0.16	0.159
829	0.683	0.302	0.877	0.865
830	0.256	0.531	0.666	0.951
831	0.482	0.792	0.007	0.301
832	0.82	0.649	0.816	0.773
833	0.781	0.447	0.061	0.564
834	0.602	0.36	0.653	0.762
835	0.931	0.445	0.822	0.807
836	0.548	0.063	0.841	0.215
837	0.951	0.697	0.806	0.958
838	0.096	0.779	0.646	0.912
839	0.423	0.693	0.998	0.485
840	0.939	0.087	0.618	0.592
841	0.137	0.522	0.294	0.96
842	0.604	0.508	0.392	0.445
843	0.406	0.396	0.419	0.212
844	0.416	0.308	0.133	0.062
845	0.684	0.485	0.914	0.682
846	0.172	0.621	0.057	0.789
847	0.905	0.927	0.735	0.199
848	0.065	0.804	0.394	0.457
849	0.117	0.863	0.645	0.536
850	0.999	0.952	0.383	0.132
851	0.604	0.816	0.499	0.518
852	0.469	0.69	0.12	0.525
853	0.333	0.431	0.406	0.069
854	0.292	0.133	0.434	0.687
855	0.683	0.803	0.453	0.328
856	0.528	0.327	0.291	0.912
857	0.304	0.516	0.275	0.803
858	0.774	0.272	0.724	0.894
859	0.203	0.228	0.228	0.609
860	0.858	0.901	0.429	0.292
861	0.02	0.974	0.391	0.473
862	0.73	0.001	0.629	0.02
863	0.088	0.325	0.429	0.363
864	0.463	0.138	0.4	0.187
865	0.197	0.39	0.26	0.425
866	0.556	0.283	0.9	0.985
867	0.488	0.005	0.549	0.879
868	0.85	0.608	0.479	0.479
869	0.393	0.567	0.953	0.822
870	0.082	0.285	0.068	0.482
871	0.1	0.679	0.862	0.359
872	0.861	0.915	0.387	0.761
873	0.961	0.248	0.905	0.51
874	0.383	0.36	0.735	0.862
875	0.364	0.255	0.406	0.317
876	0.336	0.399	0.361	0.404
877	0.833	0.504	0.559	0.695
878	0.663	0.556	0.777	0.05
879	0.677	0.012	0.565	0.582
880	0.692	0.965	0.882	0.428
881	0.721	0.792	0.081	0.128
882	0.157	0.464	0.508	0.519
883	0.388	0.352	0.372	0.948
884	0.234	0.611	0.603	0.012
885	0.921	0.689	0.673	0.486
886	0.195	0.178	0.236	0.077
887	0.062	0.798	0.398	0.143
888	0.507	0.301	0.39	0.014
889	0.258	0.403	0.171	0.63
890	0.218	0.864	0.962	0.822
891	0.623	0.742	0.565	0.297
892	0.836	0.491	0.407	0.071
893	0.013	0.134	0.367	0.41
894	0.293	0.917	0.578	0.683
895	0.397	0.941	0.334	0.568
896	0.685	0.787	0.436	0.646
897	0.312	0.27	0.351	0.877
898	0.58	0.713	0.058	0.986
899	0.626	0.999	0.918	0.993
900	0.195	0.286	0.326	0.772
901	0.257	0.169	0.91	0.591
902	0.481	0.276	0.524	0.917
903	0.133	0.229	0.192	0.484
904	0.759	0.064	0.818	0.817
905	0.602	0.443	0.049	0.52
906	0.458	0.714	0.722	0.784
907	0.69	0.042	0.655	0.6
908	0.393	0.081	0.909	0.917
909	0.831	0.05	0.226	0.024
910	0.331	0.783	0.597	0.149
911	0.647	0.751	0.043	0.696
912	0.479	0.154	0.985	0.201
913	0.471	0.891	0.98	0.127
914	0.613	0.519	0.571	0.521
915	0.569	0.353	0.486	0.795
916	0.02	0.127	0.159	0.617
917	0.759	0.264	0.027	0.802
918	0.298	0.281	0.114	0.283
919	0.052	0.754	0.372	0.032
920	0.863	0.644	0.4	0.434
921	0.837	0.003	0.518	0.323
922	0.895	0.343	0.925	0.054
923	0.201	0.813	0.224	0.228
924	0.184	0.527	0.895	0.298
925	0.376	0.35	0.564	0.748
926	0.446	0.61	0.026	0.846
927	0.191	0.683	0.047	0.709
928	0.845	0.604	0.348	0.77
929	0.308	0.971	0.471	0.532
930	0.085	0.716	0.727	0.98
931	0.537	0.355	0.364	0.101
932	0.745	0.546	0.713	0.771
933	0.758	0.962	0.075	0.805
934	0.081	0.65	0.276	0.429
935	0.934	0.737	0.392	0.405
936	0.592	0.489	0.985	0.319
937	0.999	0.855	0.824	0.363
938	0.927	0.108	0.503	0.641
939	0.895	0.399	0.841	0.971
940	0.512	0.051	0.854	0.788
941	0.275	0.722	0.218	0.667
942	0.487	0.259	0.616	0.473
943	0.085	0.472	0.434	0.909
944	0.39	0.837	0.943	0.893
945	0.822	0.788	0.877	0.663
946	0.08	0.175	0.81	0.934
947	0.291	0.209	0.685	0.509
948	0.812	0.996	0.135	0.428
949	0.714	0.513	0.94	0.147
950	0.775	0.537	0.26	0.718
951	0.738	0.539	0.218	0.614
952	0.977	0.694	0.377	0.786
953	0.341	0.077	0.837	0.026
954	0.714	0.838	0.581	0.849
955	0.05	0.562	0.78	0.99
956	0.203	0.764	0.247	0.462
957	0.677	0.2	0.021	0.895
958	0.223	0.871	0.508	0.601
959	0.137	0.942	0.735	0.974
960	0.32	0.688	0.806	0.901
961	0.073	0.951	0.099	0.853
962	0.809	0.055	0.705	0.056
963	0.187	0.732	0.717	0.209
964	0.531	0.432	0.498	0.04
965	0.155	0.177	0.974	0.89
966	0.942	0.21	0.839	0.749
967	0.375	0.821	0.063	0.475
968	0.004	0.283	0.729	0.709
969	0.246	0.896	0.071	0.964
970	0.698	0.495	0.537	0.195
971	0.57	0.351	0.711	0.545
972	0.862	0.487	0.451	0.701
973	0.562	0.076	0.057	0.625
974	0.731	0.629	0.834	0.46
975	0.173	0.706	0.234	0.244
976	0.339	0.942	0.165	0.876
977	0.699	0.446	0.488	0.411
978	0.729	0.273	0.478	0.179
979	0.714	0.742	0.049	0.77
980	0.6	0.501	0.996	0.434
981	0.333	0.607	0.666	0.567
982	0.336	0.906	0.792	0.501
983	0.929	0.2	0.229	0.417
984	0.22	0.145	0.883	0.698
985	0.857	0.412	0.067	0.906
986	0.434	0.506	0.683	0.429
987	0.643	0.763	0.546	0.31
988	0.397	0.646	0.236	0.189
989	0.019	0.118	0.347	0.248
990	0.958	0.469	0.68	0.842
991	0.005	0.698	0.579	0.072
992	0.761	0.505	0.11	0.444
993	0.049	0.087	0.698	0.596
994	0.028	0.992	0.043	0.264
995	0.19	0.283	0.299	0.537
996	0.834	0.495	0.001	0.514
997	0.168	0.519	0.035	0.746
998	0.639	0.507	0.096	0.749
999	0.031	0.799	0.039	0.728
1000	0.436	0.756	0.387	0.479
;