# Dimensions(m,n)
param m := 575;
param n := 57;

param nu := 0.5;

# y and A
param y :=
1 1
2 1
3 1
4 1
5 1
6 1
7 1
8 1
9 1
10 1
11 1
12 1
13 1
14 1
15 1
16 1
17 1
18 1
19 1
20 1
21 1
22 1
23 1
24 1
25 1
26 1
27 1
28 1
29 1
30 1
31 1
32 1
33 1
34 1
35 1
36 1
37 1
38 1
39 1
40 1
41 1
42 1
43 1
44 1
45 1
46 1
47 1
48 1
49 1
50 1
51 1
52 1
53 1
54 1
55 1
56 1
57 1
58 1
59 1
60 1
61 1
62 1
63 1
64 1
65 1
66 1
67 1
68 1
69 1
70 1
71 1
72 1
73 1
74 1
75 1
76 1
77 1
78 1
79 1
80 1
81 1
82 1
83 1
84 1
85 1
86 1
87 1
88 1
89 1
90 1
91 1
92 1
93 1
94 1
95 1
96 1
97 1
98 1
99 1
100 1
101 1
102 1
103 1
104 1
105 1
106 1
107 1
108 1
109 1
110 1
111 1
112 1
113 1
114 1
115 1
116 1
117 1
118 1
119 1
120 1
121 1
122 1
123 1
124 1
125 1
126 1
127 1
128 1
129 1
130 1
131 1
132 1
133 1
134 1
135 1
136 1
137 1
138 1
139 1
140 1
141 1
142 1
143 1
144 1
145 1
146 1
147 1
148 1
149 1
150 1
151 1
152 1
153 1
154 1
155 1
156 1
157 1
158 1
159 1
160 1
161 1
162 1
163 1
164 1
165 1
166 1
167 1
168 1
169 1
170 1
171 1
172 1
173 1
174 1
175 1
176 1
177 1
178 1
179 1
180 1
181 1
182 1
183 1
184 1
185 1
186 1
187 1
188 1
189 1
190 1
191 1
192 1
193 1
194 1
195 1
196 1
197 1
198 1
199 1
200 1
201 1
202 1
203 1
204 1
205 1
206 1
207 1
208 1
209 1
210 1
211 1
212 1
213 1
214 1
215 1
216 1
217 1
218 1
219 1
220 1
221 1
222 1
223 1
224 1
225 1
226 1
227 -1
228 -1
229 -1
230 -1
231 -1
232 -1
233 -1
234 -1
235 -1
236 -1
237 -1
238 -1
239 -1
240 -1
241 -1
242 -1
243 -1
244 -1
245 -1
246 -1
247 -1
248 -1
249 -1
250 -1
251 -1
252 -1
253 -1
254 -1
255 -1
256 -1
257 -1
258 -1
259 -1
260 -1
261 -1
262 -1
263 -1
264 -1
265 -1
266 -1
267 -1
268 -1
269 -1
270 -1
271 -1
272 -1
273 -1
274 -1
275 -1
276 -1
277 -1
278 -1
279 -1
280 -1
281 -1
282 -1
283 -1
284 -1
285 -1
286 -1
287 -1
288 -1
289 -1
290 -1
291 -1
292 -1
293 -1
294 -1
295 -1
296 -1
297 -1
298 -1
299 -1
300 -1
301 -1
302 -1
303 -1
304 -1
305 -1
306 -1
307 -1
308 -1
309 -1
310 -1
311 -1
312 -1
313 -1
314 -1
315 -1
316 -1
317 -1
318 -1
319 -1
320 -1
321 -1
322 -1
323 -1
324 -1
325 -1
326 -1
327 -1
328 -1
329 -1
330 -1
331 -1
332 -1
333 -1
334 -1
335 -1
336 -1
337 -1
338 -1
339 -1
340 -1
341 -1
342 -1
343 -1
344 -1
345 -1
346 -1
347 -1
348 -1
349 -1
350 -1
351 -1
352 -1
353 -1
354 -1
355 -1
356 -1
357 -1
358 -1
359 -1
360 -1
361 -1
362 -1
363 -1
364 -1
365 -1
366 -1
367 -1
368 -1
369 -1
370 -1
371 -1
372 -1
373 -1
374 -1
375 -1
376 -1
377 -1
378 -1
379 -1
380 -1
381 -1
382 -1
383 -1
384 -1
385 -1
386 -1
387 -1
388 -1
389 -1
390 -1
391 -1
392 -1
393 -1
394 -1
395 -1
396 -1
397 -1
398 -1
399 -1
400 -1
401 -1
402 -1
403 -1
404 -1
405 -1
406 -1
407 -1
408 -1
409 -1
410 -1
411 -1
412 -1
413 -1
414 -1
415 -1
416 -1
417 -1
418 -1
419 -1
420 -1
421 -1
422 -1
423 -1
424 -1
425 -1
426 -1
427 -1
428 -1
429 -1
430 -1
431 -1
432 -1
433 -1
434 -1
435 -1
436 -1
437 -1
438 -1
439 -1
440 -1
441 -1
442 -1
443 -1
444 -1
445 -1
446 -1
447 -1
448 -1
449 -1
450 -1
451 -1
452 -1
453 -1
454 -1
455 -1
456 -1
457 -1
458 -1
459 -1
460 -1
461 -1
462 -1
463 -1
464 -1
465 -1
466 -1
467 -1
468 -1
469 -1
470 -1
471 -1
472 -1
473 -1
474 -1
475 -1
476 -1
477 -1
478 -1
479 -1
480 -1
481 -1
482 -1
483 -1
484 -1
485 -1
486 -1
487 -1
488 -1
489 -1
490 -1
491 -1
492 -1
493 -1
494 -1
495 -1
496 -1
497 -1
498 -1
499 -1
500 -1
501 -1
502 -1
503 -1
504 -1
505 -1
506 -1
507 -1
508 -1
509 -1
510 -1
511 -1
512 -1
513 -1
514 -1
515 -1
516 -1
517 -1
518 -1
519 -1
520 -1
521 -1
522 -1
523 -1
524 -1
525 -1
526 -1
527 -1
528 -1
529 -1
530 -1
531 -1
532 -1
533 -1
534 -1
535 -1
536 -1
537 -1
538 -1
539 -1
540 -1
541 -1
542 -1
543 -1
544 -1
545 -1
546 -1
547 -1
548 -1
549 -1
550 -1
551 -1
552 -1
553 -1
554 -1
555 -1
556 -1
557 -1
558 -1
559 -1
560 -1
561 -1
562 -1
563 -1
564 -1
565 -1
566 -1
567 -1
568 -1
569 -1
570 -1
571 -1
572 -1
573 -1
574 -1
575 -1
;

param A : 1 2 3 4 5 6 7 8 9 10 11 12 13 14 15 16 17 18 19 20 21 22 23 24 25 26 27 28 29 30 31 32 33 34 35 36 37 38 39 40 41 42 43 44 45 46 47 48 49 50 51 52 53 54 55 56 57 :=
1 0 0 0 0 1.88 0 0 1.88 0 0 0 0 0 0 0 0 0 0 0 0 0 0 0 0 0 0 0 0 0 0 0 0 0 0 0 0 0 0 0 0 0 0 0 0 0 0 0 0 0 0.206 0 0 0 0 2.45 11 49
2 0 0.42 0.42 0 1.27 0 0.42 0 0 1.27 0 0 0 0 0 1.27 0 0 1.7 0.42 1.27 0 0 0.42 0 0 0 0 0 0 0 0 0 0 0 0 1.27 0 0 0.42 0 0 0 0 0 0 0 0 0 0.063 0 0.572 0.063 0 5.659 55 249
3 0 0 0 0 1.16 0 0 0 0 0 0 0.58 0 0 0 1.16 0 1.16 1.16 0 1.75 0 0 0 0 0 0 0 0 0 0 0 0 0 0 0 0 0 0 0 0 0 0 0 0 0 0 0 0 0.133 0 0.667 0 0 1.131 5 69
4 0 0 3.03 0 0 0 0 0 0 0 0 0 0 0 0 3.03 0 0 0 0 0 0 0 0 0 0 0 0 0 0 0 0 0 0 0 0 0 0 0 0 0 0 0 0 0 0 0 0 0 0.352 0 2.112 0 0 3.909 11 43
5 0 0.41 1.66 0 0.41 0 0 0 0 0 0 0.41 0 0 0 0.41 0 0.83 2.08 0 1.25 0 0 0 0 0 0 0 0 0 0 0 0 0 0 0 0 0 0 0 0 0 0 0 0.41 0 0 0 0 0.068 0 0.75 0 0 3.851 121 285
6 0.49 0 0.99 0 0 0.99 0 0 0 0.99 0.99 2.48 0.49 0 0 4.97 0.99 0 3.48 0 1.99 0 0.49 0 0 0 0 0 0 0 0 0 0 0 0 0 0 0 0 0 0 0 0 0 0 0 0 0 0 0.34 0 0.17 0 0 1.468 8 94
7 0 0 0 0 0 0 0 0 0 0 0 0 0 0 0 1.08 0 0 1.08 0 2.17 0 0 0 0 0 0 0 0 0 0 0 0 0 0 0 0 0 0 0 0 0 0 0 0 0 0 0 0 0 0 1.478 0 0 2 30 106
8 0 0.34 0 0 0.68 0 0.68 0 0 0.34 0.34 0 0 0 0 0.34 0 1.36 3.42 0 2.73 0 0 0 0.34 0.34 0 0 0 0 0 0 0.34 0 0 0 0 0 0 0 0 0 0 0 0 0 0 0 0 0 0 0.048 0.048 0 1.411 15 96
9 0 0.53 0.53 0 0.53 0 0 0 0 0 0 0.53 0 0 0 0.53 0 1.06 1.6 0 1.06 0 0 0 0 0 0 0 0 0 0 0 0 0 0 0 0 0 0 0 0 0 0 0 0 0 0 0 0 0.087 0 0.877 0 0 3.4 61 187
10 0 0 0 0 0 0 0 0 0 0 0 0 0 0 0 0 0 5.26 5.26 0 0 0 0 0 0 0 0 0 0 0 0 0 0 0 0 0 0 0 0 0 0 0 0 0 0 0 0 0 0 0 0 0 0.338 0 1.666 5 10
11 0 0.79 0 0 0 0 0 0 0 0 0 0 0 0 0 0.79 1.58 1.58 3.96 0 1.58 0 0 0 0 0 0 0 0 0 0 0 0 0 0 0 0 0 0 0 0 0 0 0 0.79 0 0 0 0 0.268 0 0.268 0 0 2.815 26 107
12 0 0 0.46 0 0 0 0.46 0 0 0 0.46 0 0 0 0 0 0 1.4 1.87 0 0 0.93 0.46 0 0 0 0 0 0 0 0 0 0 0 0 0 0 0 0 0 0 0 0 0 0.46 0 0 0 0 0 0 0 0 0 2.676 32 91
13 0 0 0.64 0 0 0.64 0 0 0 0 0 0 0 0 0 0.64 0 0 2.59 0 0 0 0.64 0 0 0 0 0 0 0 0 0 0 0 0 0 0.64 0 0 0 0 0 0 0 0 0 0 0 0.094 0.189 0.284 0.662 0 0 10.068 131 292
14 0 0 0 0 0 0.79 0 0 0 0 0 0 0 0 0 0 0 0 2.38 0 0 0 0 0 0 0 0 0 0 0 0 0 0 0 0 0 0 0 0 0 0 0 0 0 0 0 0 0 0 0.147 0 0 0 0 2.913 27 67
15 0 0.55 0.55 0 2.23 0 1.11 0 0 0 0 0.55 0.55 0 0 0.55 2.79 0 3.91 0 1.67 0 0 0 0 0 0 0 0 0 0 0 0 0 0 0 0 0 0 0 0 0 0 0 0 0 0 0 0 0.248 0 1.158 0.331 0 4.875 140 195
16 0 0 0 0 0 0 0.59 0 0 0 0 1.19 0 0 0 0 0 0.59 4.76 0 1.19 0 0 0.59 0 0 0 0 0 0 0 0 0 0 0 0 0 0 0 0 0 0 0 0 0 0 0 0 0 0 0 0.427 0 0 10 33 170
17 0 0.39 0.39 0 0.19 0 0 0.19 0 0 0.39 0.39 0 0 0 0.98 0.19 0.39 0.59 0 0.78 0 0.19 0 0 0 0 0 0 0 0 0 0 0 0 0 0 0 0 0.19 0 0 0 0 0 0 0 0 0 0.128 0 0.16 0.16 0 2.128 31 730
18 0 0 0 0 0 0 1.58 0 0 0 0 0 1.58 0 0 0 0 0 1.58 0 0 0 0 0 0 0 0 0 0 0 0 0 0 0 0 0 0 0 0 0 0 0 0 0 0 0 0 0 0 0 0 0.558 0.279 0 3.272 23 36
19 0 0.56 0.56 0 2.25 0 1.12 0 0 0 0 0.56 0.56 0 0 0.56 2.82 0 3.95 0 1.69 0 0 0 0 0 0 0 0 0 0 0 0 0 0 0 0 0 0 0 0 0 0 0 0 0 0 0 0 0.247 0 1.32 0.33 0 5.135 140 190
20 0 0 0 0 0.27 0 0 0 0 0.83 0 0 0 0 0 0 0 0 0.27 0 0.27 8.58 0 0 0 0 0 0 0 0 0 0 0 0 0 0 0 0 0 0 0 0 0 0 0 0 0 0 0 0 0.092 0 0.185 0.232 7.313 99 607
21 0 0.71 0.35 0 0.35 0 0 0 0 0 0 0.71 0 0 0 0.35 0 1.42 1.77 0 1.06 0 0 0 0 0 0 0 0 0 0 0 0 0 0 0 0 0 0 0 0 0 0 0 0 0 0 0 0 0.058 0 0.7 0 0 3.768 61 260
22 0 0 0 0 0 0 0 2.04 0 0 1.02 0 0 0 0 0 0 0 4.08 0 1.02 0 1.02 0 0 0 0 0 0 0 0 0 0 0 0 0 0 0 0 0 0 0 0 0 0 0 0 0 0 0 0 0.968 0 0 2.179 18 85
23 0.44 0 0 0 0.89 0 0 0 0 0.44 0 1.33 0 0 0 0.44 0 0 4.46 0 1.78 0 0 0.44 0 0 0 0 0 0 0 0 0 0 0 0 0 0 0 0 0 0 0 0 0.44 0 0 0 0 0 0 1.083 0.144 0.072 2.428 28 153
24 0 0 1.32 0 0.66 0 0 0 0 0 0 0.66 0 0 0 0 0.66 0 5.29 2.64 5.29 0 0 1.32 0 0 0 0 0 0 0 0 0 0 0 0 0 0 0 0.66 0 0 0 0 0 0 0 0 0 0 0 0.83 0.069 0 3.215 43 164
25 0.51 0.51 0 0 0 0 0.51 0 0 0.51 0 0 0 0 0.51 2.07 0 2.07 1.03 0 1.03 0 0 0 0 0 0 0 0 0 0 0 0 0 0 0 0 0 0 0 0 0 0 0 0 0 0 0 0 0.135 0 0.067 0 0 2.676 17 91
26 0 0 1.31 0 0.65 0 0 0 0 0 0 0.65 0 0 0 0 0 0 5.26 1.97 4.6 0 0 1.31 0 0 0 0 0 0 0 0 0 0 0 0 0 0 0 0.65 0 0 0 0 0 0 0 0 0 0 0 0.816 0.068 0 3.173 43 165
27 0 0.9 0 0 0 0 0 0 0 0 0 0 0 0 0 0.9 0 1.81 3.63 0 2.72 0 0 0 0 0 0 0 0 0 0 0 0 0 0 0 0 0 0 0 0 0 0 0 0.9 0 0 0 0 0 0 0.165 0.165 0 6.266 41 94
28 0.26 0.26 0.52 0 0.39 0 0.39 0.13 0 0.26 0 0.78 0.26 0 0 1.57 0 0.26 2.61 0 1.57 0 0.13 0.39 0 0 0 0 0 0 0 0 0 0 0 0 0.13 0 0 0 0 0 0 0 0 0 0 0 0 0.129 0 0.779 0.021 0.021 2.689 49 476
29 0 0 1.1 0 0.55 0 0 0 0 0.55 0 0 0 0 0 0.55 0 0 2.2 0 1.1 0 0 0 0 0 0 0 0 0 0 0 0 0 0 0 0 0 0 0 0 0 0 0 0.55 0 0 0 0 0.097 0 0.683 0 0 2.338 19 145
30 0 0 0.42 0 0 0 0 0 0 0 0 0.85 0 0 0 0.85 0 0.85 4.7 0 0.85 5.55 0 0 0 0 0 0 0 0 0 0 0 0 0 0 0.42 0 0 0 0 0 0 0 0 0 0 0 0 0.082 0 0 0.082 0.248 7.17 42 294
31 0 0 0 0 0 0 1.07 0 0 0 0 0 0 0 0 2.15 0 0 0 0 2.15 0 0 0 0 0 0 0 0 0 0 0 0 0 0 0 0 0 0 1.07 0 0 0 0 0 0 0 0 0 0 0 0.145 0.437 0.291 1.823 10 62
32 0 0 0 0 0 0 0 0 0 0 0 0 0 0 0 4 0 0 0 0 0 0 0 0 0 0 0 0 0 0 0 0 0 0 0 0 0 0 0 0 0 0 0 0 0 0 0 0 0 0 0 2.453 0 0 4.153 26 54
33 0 0.34 0.69 0 0.34 0 0.17 0 0 0.51 0.17 0 0.17 0 0.17 0.17 0 0.86 0.17 0.17 0.86 0 0 0 0 0 0 0 0 0 0 0 0 0 0 0 0 0 0 0.17 0 0 0 0 0 0 0 0 0 0 0 0.665 0.083 0.083 6.294 132 963
34 0 0 0.58 0 1.17 0 0.58 0 0 0 0 0.58 0 0 0 0.58 0 0 1.76 0 0 0 0 0 0 0 0 0 0 0 0 0 0 0 0 0 0 0 0 0 0 0 0 0 0 0 0 0 0 0 0 0.829 0 0 2.529 8 86
35 0 0.57 0.57 0 1.14 0.57 2.28 0 0 0.57 0 0.57 0 0 0 0 0 0.57 3.42 0 1.14 0 0 0 0 0 0 0 0 0 0 0 0 0 0 0 0 0 0 0 0 0 0 0 0.57 0 0 0 0 0.081 0 0.487 0 0.081 16.217 147 373
36 0 0 0.85 0 0.42 0 0 0 0 0 0 0 0 0 0 0.42 0 0 2.14 0 1.28 0 0 0 0 0 0 0 0 0 0 0 0 0 0 0 0 0 0 0 0 0 0 0 0.42 0 0 0 0 0.159 0 1.117 0 0 1.206 7 117
37 0 0 0 0 0 0 0 1.05 0 0 0.52 1.05 0.52 0 0 1.05 0 0 3.7 1.05 1.05 0 1.58 0.52 0 0 0 0 0 0 0 0 0 0 0 0 0 0 0 0 0 0 0 0 0 0 0 0 0 0 0 0.702 0.263 0 6.487 47 266
38 0.64 0 0.64 0 1.28 0 0.64 0 0 0 0 0.64 0 0 0 0.64 0.64 0 1.28 0 3.2 0 0.64 0 0 0 0 0 0 0 0 0 0 0 0 0 0 0 0 0 0 0 0 0 0 0 0 0 0 0 0 0.551 0.459 0 2.333 22 119
39 0 0.68 0.34 0 0.34 0 0 0 0 0 0 0.68 0 0 0 0.34 0 1.37 1.72 0 1.03 0 0 0 0 0 0 0 0 0 0 0 0 0 0 0 0 0 0 0 0 0 0 0 0 0 0 0 0 0.055 0 0.718 0 0 3.718 61 264
40 0 1.32 0.56 0 0 0.94 0 0.18 0.37 0.75 0 2.07 0 0 0 0 0.37 0 2.45 0 0.94 0 0 0.18 0 0 0.18 0 0 0 0 0 0 0 0 0 0 0 0 0 0 0 0 0 0 0 0 0 0 0.08 0 0.241 0.107 0 2.623 35 244
41 0 1 1 0 2 0 1 0 0 0 0 0 0 0 0 0 2 3 2 0 4 0 1 1 0 0 0 0 0 0 0 0 0 0 0 0 0 0 0 0 0 0 0 0 0 0 0 0 0 0 0 0.275 0.137 0 2.538 11 33
42 0 0 0.73 0 0.36 0 0 0 0 0 0 0.73 0 0 0 0.36 0.73 0 1.09 0 1.46 0.36 0.36 0 0 0 0 0 0 0 0 0 0 0 0 0 0 0 0 0.36 0 0 0 0 0 0 0 0 0 0 0 0.604 0.181 0 3.787 58 356
43 0.63 0 0.63 0 1.27 0 0.63 0 0 0 0 0.63 0 0 0 0.63 0.63 0 1.27 0 2.54 0 0.63 0 0 0 0 0 0 0 0 0 0 0 0 0 0 0 0 0 0 0 0 0 0 0 0 0 0.1 0 0 0.501 0.3 0 2.458 22 118
44 0 0 0 0 0 0 0 0 0 0 0 0 0 0 0 0 0 0 0 0 0 0 0 0 2.06 0 0 0 0 0 0 0 1.03 0 0 0 0 0 0 0 0 0 0 0 0 0 0 0 0 0.342 0 0 0 0 2.217 10 51
45 0 0.02 0.05 0 0.02 0 0 0.05 0 0.35 0 0.02 0 0 0 0.05 0.1 0.38 0.07 0.2 0.17 0 0 0 0.02 0 0 0 0 0 0 0 0 0 0 0 0 0 0 0 0 0 0 0 0 0 0 0 0 0.004 0 0.107 0.017 0.017 3.922 489 3271
46 0.05 0 0.29 0 0.23 0.17 0.05 0 0 0 0.65 0.82 0 0 0 0.76 0.11 0.11 1.53 0.29 1.3 0 0.23 0.05 0 0 0 0 0 0 0 0 0 0 0 0 0 0 0 0 0 0 0 0 0 0 0 0 0.009 0.129 0 0.102 0.259 0 1.493 8 660
47 0 0 0 0 0.45 0 0 0 0 0 0 0 0 0 0 0 0 0 0 0 0 0 0 0 0 0 0 0 0 0 0 0 0 0 0 0 0 0 0 0 0 0 0 0 0 0 0 0 0 0 0.076 0.153 0 0 3.317 11 136
48 0 0 0.46 0 0.46 0 0 0 0 0 0 0 0 0 0 0.46 0 0 2.8 0 0.93 0 0 0 0 0 0 0 0 0 0 0 0 0 0 0 0 0 0 0 0 0 0 0 0.46 0 0 0 0 0.082 0 0.663 0 0 1.428 20 120
49 0 0 0 0 0 0 0 0 0 0 0 0 0 0 0 0 0 0 0 0 0 0 0 0 0 0 0 0 0 0 0 0 0 0 0 0 0 0 0 0 0 0 0 0 0 0 0 0 0 0.578 0 0 0 0 3.8 15 19
50 0 0 0 0 1.55 0 0 0 0 0.31 0 0.31 0 0 0 0.31 0.62 0 2.79 0 0.62 0 0 0 0 0 0 0 0 0 0 0 0 0 0 0 0 0 0 0 0 0 0 0 0.93 0 0 0 0 0.048 0 0 0 0 2.09 22 115
51 0.1 0 0.03 0 0.1 0.03 0 0 0 0.1 0.1 0.43 0 0 0 0.37 0.1 0 0.43 0 0.4 0 0 0 0 0 0 0 0 0 0 0 0.2 0 0 0.13 0.06 0 0 0 0 0.06 0 0.03 0 0 0 0.2 0.014 0.078 0 0.034 0.019 0.019 4.93 113 3550
52 0.62 0 0.62 0 1.25 0 0.62 0 0 0 0 0.62 0 0 0 0.62 0.62 0 1.25 0 2.51 0 0.62 0 0 0 0 0 0 0 0 0 0 0 0 0 0 0 0 0 0 0 0 0 0 0 0 0 0 0 0 0.456 0.273 0 2.52 22 121
53 0 0 0.94 0 0.94 0 0 0 0 0 0 0 0 0 0 0.94 0 0 4.71 0 0 0 0 0 0 0 0 0 0 0 0 0 0 0 0 0 0 0 0 0 0 0 0 0 0 0 0 0 0 0.17 0 3.571 0 0 1.3 7 52
54 0 0 1.44 0 0 0 0 0 0 0 0 2.89 0 0 0 1.44 0 0 5.79 0 0 0 0 0 0 0 0 0 0 0 0 0 0 0 0 0 0 0 0 0 0 0 0 0 0 0 0 0 0 0 0 0.277 0 0 1.312 3 21
55 0 0 0 0 0 1.2 0 0 0 0 0 0 0 0 0 0 0 0 1.2 0 3.61 0 0 3.61 0 0 0 0 0 0 0 0 0 0 0 0 0 0 0 0 0 0 0 0 0 0 0 0 0 0 0 0.421 0.21 0 3.454 17 38
56 0.33 0 0.67 0 0.22 0 0 0 0.44 0.11 0 0.33 0 0 0 0.56 0 0 1.79 0 1.12 0 0 0.22 0 0 0 0 0 0 0 0 0 0 0 0 0 0.11 0 0 0 0 0.11 0 0 0 0 0 0 0.157 0 0.373 0.196 0.078 2.576 75 389
57 0 0 0.71 0 0.17 0 0.35 0.35 0 0.17 0.17 0.35 0 0 0 0.35 0 0.17 0.53 0 0.17 0 0.35 0 0 0 0 0 0 0 0 0 0 0 0 0 0.35 0 0 0 0 0 0 0 0 0 0 0 0 0.057 0 0.057 0.171 0 1.974 34 229
58 0 0 0 0 0 0 0 1.08 0 0 0 0 0 0 0 0 0 0 0 0 0 0 1.08 0 0 0 0 0 0 0 0 0 0 0 0 0 0 0 0 0 0 0 0 0 1.08 0 0 0 0 0.194 0 0 0.389 0 3.6 16 72
59 0 0 0 0 0 0 0 0 0 0 0 0 0 0 0 0 0 0 3.33 0 0 0 0 0 0 0 0 0 0 0 0 0 0 0 0 0 0 0 0 0 0 0 0 0 0 0 0 0 0 0 0 1.081 0 0 2.3 9 23
60 0 0 0 0 0.88 0 0 0 0 0 0.44 0.44 0 0 0 0 0 0.44 1.32 0 1.32 0 0 0 0.44 0.44 0 0 0 0 0 0 0 0 0 0 0 0 0 0 0 0 0 0 0 0 0 0 0.072 0.072 0 0.291 0 0 1.348 3 58
61 0 0 0.37 0 1.11 0.74 0 2.96 0 2.96 0 0 0.74 0 0 0 2.22 0 5.18 0 2.22 0 0 0 0 0 0 0 0 0 0 0 0 0 0 0 0 0 0 0 0 0 0 0 0 0 0 0 0 0.149 0 1.096 0 0 5.16 107 289
62 0 0 0 0 0 0 0 0 0 0 0 0 0 0 0 0 0 0 0 0 0 0 0 0 0 0 0 0 0 0 0 0 0 0 0 0 0 0 0 0 0 0 0 0 1.17 0 0 0 0 0.422 0 0.422 0.634 0 4.066 17 61
63 0.08 0.08 0.76 0 0.85 1.02 0.25 0.17 0.59 0.08 0.17 0.59 0.17 0 2.21 0.25 0.08 0.93 1.61 0.17 0.42 0 0.85 0.08 0 0 0 0 0 0 0 0 0 0 0 0 0 0 0 0.08 0 0 0.17 0.08 0.08 0.08 0 0 0 0.063 0 0.394 0.114 0.012 7.54 669 1410
64 0 0.43 0.87 0 0 0 0 0 0.43 0.43 0.43 0 0 0 0 0 0 0 6.14 0 0.43 0 0 0.87 0 0 0 0 0 0 0 0 0 0 0 0 0 0 0 0 0 0 0 0 0 0 0 0 0.075 0.075 0 0 0.151 0 5.086 33 117
65 0.31 0 0 0 0 0 0 0 0 0 0.31 0.31 0.31 0 0 0 0.31 0 2.79 0 1.55 0 0 0 0 0 0 0 0 0 0 0 0 0 0 0.31 0 0 0 0 0 0 0 0 0 0 0 0 0.114 0 0 0.057 0 0 2.972 18 110
66 0 0 0 0 0.81 0 0 0 0 0 0 0 0 0 0 0 0 0 0.81 0 1.63 0 0 0 0 0 0 0 0 0 0 0 0 0 0 0 0 0 0 0 0 0 0 0 0 0 0 0 0 0 0 0.125 0 0 3.871 26 151
67 0 0 0 0 0 0 0 0 0 0 0 0 0 0 0 0 0 0 0 0 0 0 0 0 0 0 0 0 0 0 0 0 0 0 0 0 0 0 0 0 0 0 0 0 1.17 0 0 0 0 0.421 0 0.21 0.632 0 3.75 15 60
68 0 0 0 0 0.87 0 0 1.16 0 0 0.29 1.74 0 0 0 0 0.87 0 4.95 0 2.91 0 0 0 0 0 0 0 0 0 0 0 0 0 0 0 0 0 0 0 0 0 0 0 0 0 0 0 0.151 0 0 0 0 0 1.095 4 46
69 0.41 0 0.61 0 0.41 0.61 0 0.82 0.2 0.2 0.2 1.44 0 0 0 0.41 1.03 0.2 1.65 1.65 3.09 0 0.2 0.61 0 0 0 0 0 0 0 0 0 0 0 0 0 0 0 0 0 0 0 0 0 0 0 0 0 0.099 0 1.689 0.132 0 4.913 102 565
70 0 0 0.78 0 1.17 0 0 0 0 0 0 0.39 0 0 0 0.78 0 0 1.56 0 1.96 0 0 0.78 0 0 0 0 0 0 0 0 0 0 0 0 0 0 0 0 0 0 0 0 0 0 0 0 0 0 0 0 0.092 0 4.111 20 222
71 0 0 0 0 0 0 2.1 0 0 0 0 1.05 0 0 0 0 0 0 4.21 0 0 0 0 0 0 0 0 0 0 0 0 0 0 0 0 0 0 0 0 0 0 0 0 0 0 0 0 0 0 0 0 0 0 0 2.695 15 62
72 1.18 0.39 0.59 0 0 0.98 0.19 0.19 1.38 0.39 0 0.98 0 0.19 0 0.98 0 0 2.56 0.39 1.38 0 0 1.38 0 0 0 0 0 0 0 0 0 0 0 0 0 0 0 0 0 0 0 0 0 0 0 0 0 0.231 0 0.745 0.308 0.025 6.652 76 632
73 0.13 0.13 0.13 0 0.55 0.27 0.27 0.13 1.11 0.27 0 0.97 0.27 0 0.13 0 0 0 3.91 0.13 2.65 0 0.13 0.55 0 0 0 0 0 0 0 0 0 0 0 0 0 0 0 0.13 0 0 0 0 0 0 0 0 0 0.018 0 1.294 0.182 0 4.745 232 726
74 0.45 0.68 0.68 0 1.92 0 0.56 0.45 0 0.45 0.22 1.81 0 0 0.79 0.22 0.11 1.81 2.38 0 1.36 0 0.11 0.22 0 0 0 0 0 0 0 0 0 0 0 0 0 0 0 0.11 0 0 0 0 0 0.11 0 0 0.019 0.057 0 0.574 0.134 0.019 3.155 94 385
75 0.9 0 0 0 0 0 0.9 0 0 0 0 0 0 0 0 0 0.9 0.9 1.81 0 2.72 0 0 0.9 0 0 0 0 0 0 0 0 0 0 0 0 0 0 0 0 0 0 0 0 0 0 0 0 0 0 0 0.546 0 0 2.818 19 62
76 0 0.84 0.84 0 0 0 0.84 0 0 1.68 0.84 0 0 0 0 0.84 0 0 3.36 0 0.84 0 0.84 0 0 0 0 0 0 0 0 0 0 0 0 0 0 0 0 0 0 0 0 0 0 0 0 0 0 0 0 0.519 0 0 5 43 125
77 0 0 0.9 0 0.45 0 0 0 0 0 0 0.9 0.45 0 0 0.45 0.9 0 4.52 0 0.9 0 0.45 0 0 0 0 0 0 0 0 0 0 0 0 0 0 0 0 0 0 0 0 0 1.35 0 0 0 0 0 0 2.115 0.07 0 2.651 14 114
78 0.19 0.19 0.29 0 1.07 0.19 0.19 0.97 0.87 0.58 0.09 1.07 0.19 0.87 0.09 0 0 1.17 3.71 0.68 1.75 0 0.09 0.29 0 0 0 0 0 0 0 0 0 0 0 0 0 0 0.09 0.09 0 0 0 0 0 0 0 0 0 0 0.194 0.404 0.224 0.029 4.285 49 870
79 0 0 0 0 0 0 0 0 0 0 0 0 0 0 0 0 0 0 6.55 0 1.63 0 0 0 0 0 0 0 0 0 0 0 0 0 0 0 0 0 0 0 0 0 0 0 0 0 0 0 0 0 0 0 0 0 1 1 13
80 0 0 0.63 0 0 1.27 1.27 0.63 0 0 0 0.63 0 0 0 0 0.63 0 4.45 3.18 3.82 0 0 0 0 0 0 0 0 0 0 0 0 0 0 0 0 0 0 0 0 0 0 0 0 0 0 0 0 0 0 0.983 0.089 0 3.488 59 157
81 0 0 0 0 0 0 0 0 0 0 0 0 0 0 0 6.52 0 0 2.17 0 2.17 0 0 0 0 0 0 0 0 0 0 0 0 0 0 0 0 0 0 0 0 0 0 0 0 0 0 0 0 0 0 1.149 0 0 9.1 33 91
82 0 0 0.94 0 0 0 0.94 0 0 1.88 0 1.88 0 0 0 0 0 0 4.71 0 0.94 0 0 0.94 0 0 0 0 0 0 0 0 0 0 0 0 0 0 0 0 0 0 0 0 0 0 0 0 0 0 0 0.163 1.305 0 2.571 20 36
83 0.51 0.25 0.49 0 0.04 0.23 0.04 0.32 0.38 0.81 0.21 0.9 0.79 1.24 0.02 0.21 0.36 0.04 3.49 0 1.54 0 1.09 0.36 0 0 0 0 0 0 0 0 0 0 0 0 0 0 0 0 0 0 0.02 0 0.1 0 0 0 0 0.058 0 0.308 0.672 0.128 5.459 193 3243
84 0.09 0.38 0.57 0 0.48 0.38 0 0 0 0.38 0 1.53 0.19 0 0.09 0 0.09 0 3.55 0 1.24 0 0 0 0 0 0 0 0 0 0 0 0 0 0 0 0 0 0 0 0 0 0 0 0 0 0 0 0.038 0.038 0 0.246 0.894 0.012 4 70 640
85 0 0 0.28 0 0.16 0.18 0 0 0 0 0.02 0.09 0.11 0 0 0 0 0 0.14 0 0.02 0 0 0.04 0 0 0 0 0 0 0 0 0 0.07 0 0 0 0 0.02 0 0 0 0 0 0 0 0 0 0 0.116 0.021 0.034 0 0 16.587 154 9090
86 0.4 0.18 0.32 0 0.25 0.18 0.03 1.01 0.4 0.4 0.1 0.72 0.65 0.36 0.25 0.54 0.36 0.36 3.05 0.14 1.41 0 0.29 0.76 0 0 0 0 0 0 0 0 0 0 0 0 0 0 0 0.03 0 0 0 0 0.07 0 0 0 0.012 0.042 0.073 0.337 0.141 0 3.305 181 1613
87 0.1 0.2 1.01 0 0.8 0.8 0.5 0 0.8 0.1 0.3 0.7 0.3 0 1.61 0.1 0 1.11 1.31 0.2 0.7 0 0.6 0.1 0 0 0 0 0 0 0 0 0 0 0 0 0 0 0 0 0 0 0.2 0 0.1 0.1 0 0 0 0.11 0 0.49 0.158 0.015 8.55 669 1351
88 0 0.81 1.47 0 1.3 0 0.98 0.98 0.32 1.79 0 0.81 0 0 0.32 0.49 0.65 0 0.98 0.16 1.3 0 0 0 0 0 0 0 0 0 0 0 0 0 0 0.16 0 0 0 0.16 0 0 0 0 0 0 0 0 0 0.247 0 0.179 0.674 0 2.922 113 640
89 0.95 0 0.47 0.95 0 0.95 0 0 0.47 0 0.47 0 0 0 1.42 0.47 0.47 2.38 0 0 0.95 0 0 0.47 0 0 0 0 0 0 0 0 0.47 0 0 0 0 0 0 0 0 0 0 0 0 0.47 0 0 0 0.791 0 0.169 0.452 0.113 9.64 259 723
90 0.33 0 1.65 0 0.99 0 0.33 0 0.66 1.32 0 0 0 0 0 0 0 0 0.33 0.99 0.66 0 0 0 0.33 0 0 0 0 0 0 0 0 0 0 0 0 0 0 0 0 0 0 0 0 0 0 0 0 0 0 0.859 0.101 0 337.25 1146 1349
91 0 0 0 0 0.39 0.39 0.39 0.39 0 0 0.39 0 0 0 0 0.39 0 0 3.52 0 1.96 0 0 0.39 0 0 0 0 0 0 0 0 0 0 0 0 0 0 0 0 0 0 0 0 0 0 0 0 0 0 0 0.124 0 0 1.94 12 97
92 0 0 0.38 0 1.15 0.38 0 0.19 0.19 0 0 1.72 0 0 0 0 0.19 0 4.03 0 2.3 0 0.38 0 0 0 0 0 0 0 0 0 0 0 0 0 0 0 0 0.19 0 0 0 0 0 0 0 0 0 0.031 0 0.349 0 0 5.886 105 312
93 0 0 0 0 0.43 0.43 0.43 0 0 0.43 0 0.43 0 0 0 0 0 0 0.87 0 0 9.17 0 0 0 0 0 0 0 0 0 0 0 0 0 0 0 0 0 0 0 0 0 0 0 0 0 0 0 0 0 0.065 0 1.047 9.269 89 482
94 0 0 0 0 0 0 7.27 0 0 0 0 0 0 0 0 0 0 0 0 0 0 0 0 0 0 0 0 0 0 0 0 0 0 0 0 0 0 0 0 0 0 0 0 0 0 0 0 0 0 0 0 0.291 0 0 2.444 8 44
95 0 0 0.56 0 0 0 0 0 0 1.12 0 0 0 0 0 0 0 0 1.69 0 0.56 2.25 0 0 0 0 0 0 0 0 0 0 0 0 0 0 0 0 0 0 0 0 0 0 0 0 0 0 0 0.493 0.197 0.394 0 0.394 3.537 22 237
96 0 0.89 0 0 0.89 0 0 0 0 0 0 0 0.89 0 0 0.89 0 0 6.25 2.67 1.78 0 0 0 0 0 0 0 0 0 0 0 0 0 0 0 0 0 0 0.89 0 0 0 0 0.89 0 0 0 0 0 0 1.129 0.483 0 1.826 10 42
97 0.42 0 0.42 0 2.53 0.42 0.42 0 0 0.84 0.42 0.84 0 0 0 1.68 0 0 2.95 0 2.1 0 2.53 0 0 0 0 0 0 0 0 0 0 0 0 0 0 0 0 0 0 0 0 0 0 0 0 0 0 0.291 0 0.072 1.457 0.072 2.632 12 179
98 0 0 0.55 0 0.22 0.22 0.11 0 0.11 0.22 0 0.33 0.33 0 0 0 0.22 0 0 0 0 0 0.55 0 0 0 0 0 0 0 0 0 0 0 0 0 0 0 0 0 0 0 0 0 0 0 0 0 0 0.16 0 0.035 0.124 0 1.98 14 305
99 1.18 0.39 0.59 0 0 0.98 0.19 0.19 1.38 0.39 0 0.98 0 0.19 0 0.98 0 0 2.56 0.39 1.38 0 0 1.38 0 0 0 0 0 0 0 0 0 0 0 0 0 0 0 0 0 0 0 0 0 0 0 0 0 0.238 0 0.766 0.317 0.026 6.652 76 632
100 0 0 0.68 0 0 0 0 1.36 0 0 0.68 0.68 0 0 0 0 0 0 3.4 0 1.36 0 0.68 0.68 0 0 0 0 0 0 0 0 0 0 0 0 0 0 0 0 0 0 0 0 0 0 0 0 0 0 0 0.238 0.238 0 2.232 19 96
101 0 0 0 0 0 0 0 0 0 0 0 0 0 0 0 0 0 0 0 0 0 0 0 0 0 0 0 0 0 0 0 0 0 0 0 0 0 0 0 0 0 0 0 0 1.17 0 0 0 0 0.443 0 0.221 0.665 0 3.812 15 61
102 0 0 0 0 0 0 0 0 0 0 0 0 0 0 0 0 0 1.57 0 0 0 0 0.78 0 0 0 0 0 0 0 0 0 0 0 0 0 0 0 0 0 0 0 0 0 0 0 0 0 0 0 0 0 0.184 0 8.161 31 253
103 0 0 0 1.26 0 0 0.63 0 0 1.26 0 0 0 0 0 0.63 0 0 0.63 0 0 0 0 0 0 0 0 0 0 0 0 0 0 0 0 0 0 0 0 0 0 0 0 0 0 0 0 0 0.195 0 0 0.979 0 0.293 8.476 68 356
104 0.18 0 0.09 0 0.36 0.09 0 0.36 0.09 0 0 0.63 0.09 0.36 0 0 0.09 0 1.27 0 3.38 0 0.36 0.09 0 0 0 0 0 0 0 0 0 0 0 0 0 0 0 0 0 0 0 0 0 0 0 0 0 0.06 0.03 0.03 0.015 0 4.192 48 566
105 0.31 0 0.63 0 0.47 0.47 0.15 0.79 0.15 0.63 0.31 1.42 0 0 0 0 1.58 0 2.05 1.58 3.95 0 0.15 0.47 0 0 0 0 0 0 0 0 0 0 0 0 0 0 0 0.15 0 0 0 0 0.15 0 0 0 0 0.076 0 1.3 0.127 0 5.241 97 650
106 0.06 0.65 0.71 0 0.39 0.65 0.52 0.19 1.04 0.52 0.06 0.39 0.32 0 1.17 0.13 0.06 1.1 1.3 0 1.04 0 0.52 0.19 0 0 0 0 0 0 0 0 0 0 0 0 0 0 0 0.06 0 0 0 0 0 0.06 0 0 0 0.085 0 0.287 0.106 0 4.742 117 1342
107 0 0 0 0 0 0 0 0 0 0 0 0 0 0 0 2.04 0 0 1.02 1.02 0 0 0 0 0 0 0 0 0 0 0 0 0 0 0 0 0 0 0 0 0 0 0 0 0 0 0 0 0 0.174 0 0.174 0 0 1.787 7 59
108 0 0 1.11 0 1.11 0 0.74 0 0 0 0.74 0.37 0 0 0 0 0.37 0 3.35 2.98 2.61 0 0 0.37 0 0 0 0 0 0 0 0 0 0 0 0 0 0 0 0 0 0 0 0 0 0 0 0 0 0 0 0.368 0.552 0 1.58 7 79
109 0 0.37 0 0 0.37 0.37 0.37 0.74 0.37 0.37 0 0.74 0.37 0 0 0.37 1.49 0 3.73 2.61 1.49 0 0 0 0 0 0 0 0 0 0 0 0 0 0 0 0 0 0 0.74 0 0 0 0 0.37 0 0 0 0 0 0 1.199 0.505 0 3.337 64 267
110 0.47 0.94 0.94 0 0.47 0 0 0.47 0 1.88 0 2.35 0 0.47 0 0.47 0 0 1.88 0 5.18 0 0 0 0 0 0 0 0 0 0 0 0 0 0 0 0 0 0 0 0 0 0 0 0 0 0 0 0 0.253 0 1.687 0.168 0.084 57.23 636 744
111 0 0 0.89 0 1.78 0.44 0 0 0 0 0 0.44 0 0 0 1.33 0 0 2.23 0 4.46 0 0 0 0 0 0 0 0 0 0 0 0 0 0 0 0 0 0 0 0 0 0 0 0 0 0 0 0 0.074 0 0 0 0 2.25 12 144
112 0.31 0 0 0 0.94 0 0 0 0 0 0.31 0 0 0 0 0.31 0 0.31 3.76 0.31 0.62 0 0 0.62 0 0 0 0 0 0 0 0 0 0 0.31 0 0 0 0 0 0 0 0 0 1.25 0 0 0 0 0.055 0 0.055 0.111 0 2.358 32 125
113 0 2.08 0 0 3.12 0 1.04 0 0 0 0 2.08 0 0 0 0 0 4.16 2.08 0 1.04 0 0 0 0 0 0 0 0 0 0 0 0 0 0 0 0 0 0 0 0 0 0 0 0 0 0 0 0 0 0 0.263 0 0 1.428 4 20
114 0.2 0.4 0.4 0 0 0.4 0 0.2 1.43 0.61 0 0.2 0 0 0 0 0 0 2.66 0.2 2.04 0 0 0.61 0 0 0 0 0 0 0 0 0 0 0 0 0 0 0 0 0 0 0 0 0.2 0 0 0 0.029 0.059 0.447 0.298 0.149 0.029 11.96 376 909
115 0 0 0.24 0 0.49 0 0 0.24 0 0.24 0.24 0.49 0 0 0 0.99 0.24 0 2.47 0 0.74 0 0 0 0 0 0 0 0 0 0 0 0 0 0 0 0 0 0 0 0 0 0 0 0 0 0 0 0 0 0 0.478 0 0 2.868 44 175
116 0 0 0 0 0.43 0.43 0.43 0.43 0 0 0 0.43 0 0 0 0 0 0 0.87 0 0 9.17 0 0 0 0 0 0 0 0 0 0 0 0 0 0 0 0 0 0 0 0 0 0 0 0 0 0 0 0 0 0.395 0 1.121 7.983 72 495
117 0 0 0 40.13 0 0 0 0 0 0.32 0 0 0 0 0 0 0 0.32 0.98 0 0.32 0 0 0 0 0 0 0 0 0 0 0 0 0 0 0 0 0 0 0 0 0 0 0 0 0 0 0 0 0.185 0 0.185 0.061 0 10.585 124 434
118 0.38 0 1.9 0 1.14 0 0 0 0.38 0.38 0 0 0 0 0 0 0 0 0.38 0.76 0 0 0 0 0.38 0 0 0 0 0 0 0 0 0 0 0 0 0 0 0 0 0 0 0 0 0 0 0 0 0 0 1.005 0.059 0 295 1177 1180
119 0 0 0.32 0 0.64 0.64 0.32 0.32 0 0 0 0.32 0.32 0 0 0.32 0.32 0 2.27 0 3.24 0 0 0.32 0 0 0 0 0 0 0 0 0 0 0 0 0 0 0 0 0 0 0 0 0.64 0 0 0 0 0.111 0 0 0.166 0 1.494 10 139
120 0 0 1.31 0 2.63 0 0 0.65 0 0 0 0.65 0 0 0 1.97 0 0 1.31 0 2.63 0 0 0.65 0 0 0 0 0 0 0 0 0 0 0 0 0 0 0 0 0 0 0 0 0.65 0 0 0 0 0.198 0 0.198 0.099 0 2.195 12 101
121 0 0 0 0 0 0 0 0 0 0.27 0 0.27 0 0 0 0.27 0 0 1.09 1.36 0.27 10.38 0 0 0 0 0 0 0 0 0 0 0 0 0 0 0 0 0 0 0 0 0 0 0.27 0 0 0 0.333 0.047 0.095 0.142 0.047 0.381 2.353 13 273
122 0.74 0 0 0 0 0 0.74 0 0 1.49 0.74 0.74 0 0 0 0.74 3.73 0 4.47 0 0.74 0 0.74 0 0 0 0 0 0 0 0 0 0 0 0 0 0 0 0 0 0 0 0 0 0 0 0 0 0 0 0 0.355 0.118 0.236 2.15 7 43
123 0 0 1.07 0 0.53 0 0 0 0 0 0 0 0 0 0 0 0 0 3.22 0.53 1.07 8.06 0 0 0 0 0 0 0 0 0 0 0 0 0 0 0 0 0 0 0 0 0 0 0 0 0 0 0 0 0 0.265 0.088 1.151 11.066 67 332
124 0.1 0.2 1.01 0 0.8 0.8 0.5 0 0.8 0.1 0.3 0.7 0.3 0 1.61 0.1 0 1.11 1.31 0.2 0.7 0 0.6 0.1 0 0 0 0 0 0 0 0 0 0 0 0 0 0 0 0 0 0 0.2 0 0.1 0.1 0 0 0 0.111 0 0.491 0.158 0.015 8.55 669 1351
125 0.45 0.9 0.9 0 0.45 0 0 0.45 0 1.8 0 2.25 0 0.45 0 0.45 0 0 1.8 0 5.4 0 0 0 0 0 0 0 0 0 0 0 0 0 0 0 0 0 0 0 0 0 0 0 0 0 0 0 0 0.243 0 1.626 0.162 0.081 69.727 706 767
126 0.47 0 0.94 0 0.94 0 0.94 0 0 0 0 0.47 0 0 0 0 0.47 0 4.24 0 0.94 0 1.41 0 0 0 0 0 0 0 0 0 0 0 0.47 0 0 0 0 0 0 0 0 0 0.47 0 0 0 0 0.073 0 1.254 0.221 0 5.918 91 219
127 0 0.72 1.81 0 0 0.36 0 0.36 0.72 1.08 0.36 0.72 0 0.36 0 0.36 0.36 0.36 1.08 0 2.53 0 0 0 0 0 0 0 0 0 0 0 0 0 0 0 1.08 0 0 0 0 0 0 0 0.36 0 0 0 0 0.334 0 1.203 0.467 0.066 18.4 393 736
128 0 0 0 0 0.77 0 0 0 0 0 0 1.55 0 0 0 0.77 0.77 0 2.32 0 2.32 0 0 0 0 0 0 0 0 0 0 0 0 0 0 0 0 0 0 0 0 0 0 0 0.77 0 0 0 0 0.268 0 0.672 0.403 0 2.794 29 109
129 0 0 0.32 0 0.65 0.65 0.32 0.32 0 0 0 0.32 0.32 0 0 0.32 0.32 0 2.28 0 3.25 0 0 0.32 0 0 0 0 0 0 0 0 0 0 0 0 0 0 0 0 0 0 0 0 0.65 0 0 0 0 0.111 0 0 0.166 0 1.494 10 139
130 0 0 0 0 0 0 0 0 0.91 0 0 0 0 0 0 0 0 0 0.91 0 2.75 0 0 0 0 0 0 0 0 0 0 0 0 0 0 0 0 0 0 0 0 0 0 0 0 0 0 0 0 0.141 0 0.567 0 0 2.9 28 87
131 0.1 0.1 0.71 0 0.61 0.3 0.4 0.1 1.42 0.81 0.1 0.5 0 0 0 0.1 0 1.11 2.23 0.5 2.03 0 0 0.3 0 0 0 0 0 0 0 0 0 0 0.1 0 0 0 0.1 0 0 0 0 0 0 0 0 0 0 0 0.264 0.976 0.397 0.033 3.186 56 1042
132 0.06 0 0.24 0 0.1 0 0 0.17 0.17 0.17 0 0.1 0.03 0 0 0.03 0 0 0.45 0 0.2 0 0.03 0 1.18 1.22 0 0 0 0 0 0 0 0 0 0 1.36 0 0 0 0 0 0.06 0 0.45 0 0 0 0.179 0.305 0.029 0.029 0.011 0.023 2.813 26 2510
133 0 0 0 0 0 0 1.78 0 0 1.78 0 0 0 0 0 0 0 0 0 0 0 0 0 0 0 0 0 0 0 0 0 0 0 0 0 0 0 0 0 0 0 0 0 0 0 0 0 0 0 0 0 0.544 0 0 1.777 5 16
134 0.17 0 0.17 0 1.45 0.34 0.05 0.05 0.05 0.05 0.05 0.52 0.29 0.05 0 0 0.69 0.05 4.25 0.23 1.04 0 0.75 0.05 0 0 0 0 0 0 0 0 0 0 0 0 0 0 0 0 0 0 0 0 0 0 0 0 0.01 0.05 0 0.01 0.162 0 1.794 12 454
135 0 0.54 0.54 0 1.08 0.54 2.16 0 0 0.54 0 0.54 0 0 0 0 0 0.54 3.24 0 1.08 0 0 0 0 0 0 0 0 0 0 0 0 0 0 0 0 0 0 0 0 0 0 0 0.54 0 0 0 0 0.162 0 0.488 0 0.081 15.16 148 379
136 0.48 0 0.97 0 0.48 0 0.97 0 0 0 0 0.48 0 0 0 0 0.48 0.48 4.36 0 1.45 0 1.45 0 0 0 0 0 0 0 0 0 0 0 0.48 0 0 0 0 0 0 0 0 0 0.48 0 0 0 0 0 0 1.085 0.232 0.077 5.166 58 186
137 0 0 0.29 0 0.29 0.29 0.29 0.29 0 0 0.58 0.87 0 0 0 0.87 0.58 0.29 2.61 2.61 2.9 0 0 0.58 0 0 0 0 0 0 0 0 0 0 0 0 0 0 0 0 0 0 0 0 0 0 0 0 0 0.046 0 0.14 0 0.14 4.892 139 274
138 0 0 0.37 0 1.13 0 0.37 0 0 0.75 0 0.37 0 0 0 0.37 0.75 0 2.65 0 1.13 0 0.37 0 0 0 0 0 0 0 0 0 0 0 0 0 0 0 0 0 0 0 0 0 1.13 0 0 0 0 0.063 0 0.882 0.189 0 4.08 78 253
139 0 0 0 19.16 0.18 0 0.18 0 0 0 0 0 0 0 0 1.89 0 0 0.56 0 0 9.48 0 0.18 0 0 0 0 0 0 0 0 0 0 0 0 0 0 0 0 0 0 0 0 0 0 0 0 0 0 0 0 0 0.294 25.22 180 1261
140 0 0 0.3 0 0.3 0.9 0 0.3 0 0 0 0.3 0.3 0 0 0.3 0.3 0.3 2.11 0 3.02 0 0 0.3 0 0 0 0 0 0 0 0 0 0 0 0 0 0 0 0 0 0 0 0 0.3 0 0 0 0 0.21 0 0 0.21 0.052 1.738 11 186
141 0 0 0 0 0 0 0 0 0 0 0 0 0 0 0 0 0 0 7.14 0 0 0 0 0 0 0 0 0 0 0 0 0 0 0 0 0 0 0 0 0 0 0 0 0 0 0 0 0 0 0 0 4.347 0 0 3 7 9
142 0 0 0 0 0.36 0.36 0 0.36 0.36 0.36 0 0.36 0 0 0 0 0.73 0 2.94 0 4.04 0 0 0.36 0 0 0 0 0 0 0 0 0 0 0 0 0 0 0 0 0 0 0 0.36 0 0 0 0 0 0 0 0.653 0.118 0 1.53 13 75
143 0 0 0 0 0 0 0.36 0 0 0 0 0 0 0 0 0.36 0 0 3.3 0 0 0 0 0 0 0 0 0 0 0 0 0 0 0 0 0 0 0 0 0 0 0 0 0 0.73 0 0 0 0 0 0 0.053 0.053 0 18.37 134 496
144 0 0 0 0 0.38 0.38 0.38 0.38 0 0 0.38 0 0 0 0 0.38 0 0 3.87 0 1.93 0 0 0.38 0 0 0 0 0 0 0 0 0 0 0 0 0 0 0 0 0 0 0 0 0 0 0 0 0 0 0 0.123 0 0 2.062 12 99
145 0 0 0 0 1.21 0 1.21 1.21 1.21 1.21 1.21 1.21 0 0 0 0 4.87 0 2.43 1.21 4.87 0 0 0 0 0 0 0 0 0 0 0 0 0 0 0 0 0 0 0 0 0 0 0 0 0 0 0 0 0 0 0.555 0 0 104.666 311 314
146 0.37 0.75 1.13 0 0.37 0 0 0.37 0.37 1.89 0.37 2.65 0 0.37 0 0.37 0 0 2.27 0 4.54 0 0.37 0 0 0 0 0 0 0 0 0 0 0 0 0 0.37 0 0 0 0 0 0 0 0 0 0 0 0 0.196 0 1.246 0.196 0.065 62.5 845 1000
147 0 0 0 0 0 0 1.23 0 0 0 0 0 0 0 0 1.23 0 0 0 0 0 0 0 0 0 0 0 0 0 0 0 0 0 0 0 0 0 0 0 0 0 0 0 0 0 0 0 0 0 0 0 1.949 0 0 1.379 8 40
148 0 0 0.6 0 0.6 0 0.6 0 0 0 0 0 0.6 0 0 0 0 0.6 1.81 0 1.21 0 0 0.6 0 0 0 0 0 0 0 0 0 0 0 0 0 0 0 0 0 0 0 0 0 0 0 0 0 0.412 0 0.619 0.103 0 6.166 33 259
149 0.23 0.59 0.23 0 0.23 0.11 0 0 0.82 1.18 0.11 2 0.23 0 0 0 0.11 0 4.84 4.96 1.77 0 0 0.23 0 0 0 0 0 0 0 0 0 0 0 0 0 0 0 0 0 0 0 0 0.11 0 0 0 0 0.186 0 0.13 0.168 0.018 5.76 175 795
150 0 0.47 0 0 0.47 0 0 0 0 0 0.47 0 0 0 0 0.47 0 0.95 1.9 0 1.42 0 0 0 0 0 0 0 0 0 0 0 0 0 0 0 0 0 0 0 0 0 0 0 0 0 0 0 0 0.056 0 0 0 0 7.18 182 359
151 0 0 0 0 0 0 0 0 0 0 0 0 0 0 0 3.12 0 0 0 0 0 0 0 0 0 0 0 0 0 0 0 0 0 0 0 0 0 0 0 0 0 0 0 0 0 0 0 0 0 0.462 0 0.462 0 0 3.125 6 25
152 0 0 0.48 0 1.45 0 0 0 0 0 0 0.97 0 0 0 0 0.97 0 2.42 0 2.42 0 0.48 0 0 0 0 0 0 0 0 0 0 0 0 0 0 0 0 0 0 0 0 0 0.48 0 0 0 0 0.084 0 0.421 0.252 0 5.173 80 238
153 0 0 0.3 0 0 0 0 0 0 0.3 0 0.3 0 0 0.3 0.3 0 0.15 0.15 0 0.15 0 0 0 0 0 0 0 0 0 0 0 0 0 0 0 0.76 0 0 0 0 0 0 0 0 0 0 0.3 0.472 0.067 0 0 0.044 0.067 1.607 16 418
154 0 0 0 0 0.94 0 0 0 0 0 0 0 0 0 0 0 0 0 1.88 0 2.83 0 0 0 0 0 0 0 0 0 0 0 0 0 0 0 0 0 0 0 0 0 0 0 0 0 0 0 0 0 0 0.443 0 0 4.652 31 107
155 0 0 0.22 7.07 0 0 0 0.45 0 0 0 0 0 0 0 0.45 0 0 0.22 0 0.45 0 0 0 0 0 0 0 0 0 0 0 0 0 0 0.22 0 0 0 0 0 0 0 0 0.22 0 0 0 0.153 0.092 0 0 0 0.03 2.47 27 425
156 0 0.7 0 0 2.83 0 0 0 0 0.7 0 0.7 0 0 0 1.41 1.41 0 7.09 0 5.67 0 0 0 0 0 0 0 0 0 0 0 0.7 0 0 0 0 0 0 0 0 0 0 0 0 0 0 0 0 0 0 0 0 0.126 4.176 44 142
157 0.65 0 0 0 1.3 0 0 0 0 0 0.65 1.3 0.65 0 0 1.3 1.3 0 2.61 0 3.26 0 0 0 0 0 0 0 0 0 0 0 0 0 0 0 0 0 0 0 0 0 0 0 0.65 0 0 0 0 0 0 0.515 0.103 0 2.04 12 51
158 0.44 0 0.88 0 0.44 1.32 0 0 0 0 0 0 0 0 0 0 0 0.44 1.76 0 2.2 0 2.2 0 0 0 0 0 0 0 0 0 0 0 0 0 0 0 0 0 0 0 0 0 0 0 0 0 0.222 0 0 0.444 0.37 0 2.413 16 140
159 0 0.52 1.05 0 2.63 0.52 1.05 0 0 0 0.52 1.05 0 0 0 1.05 1.05 1.05 4.21 0 1.57 0 0.52 0 0 0 0 0 0 0 0 0 0.52 0 0 0 0 0 0 0 0 0 0 0 0 0 0 0 0 0 0.091 1.276 0.729 0.091 3.062 19 98
160 0.29 0.19 0.68 0 0 0.58 0 0.58 0.58 0.77 0 0.58 0.38 0 0.97 0 0.19 1.46 1.75 0.38 0.77 0 0.58 0.68 0 0 0 0 0 0 0 0 0 0 0.09 0 0 0 0 0 0 0 0 0 0 0 0 0 0 0.034 0 0.569 0.207 0.034 12.064 691 1689
161 0 0 0 0 0.43 0.86 0 0 0 0 0 0 0 0 0 0 0 0 2.17 0 0 0 0 0 0 0 0 0 0 0.86 0 0 0 0 0 0 0 0 0 0 0 0 0 0 0 0 0 0 0 0.068 0 0 0 0 2.923 55 114
162 0 0.55 0.55 0 0.55 0 0 0.55 0 0 0 1.11 0 0 0 1.11 0 0.55 1.66 0 2.22 0 0.55 0 0 0 0 0 0 0 0 0 0 0 0 0 0 0 0 0 0 0 0 0.55 0 0 0 0 0 0 0 0.484 0.08 0 8.375 85 201
163 0.17 0.26 1.21 0 0.43 0.6 0.43 0.26 0.69 0.52 0.26 1.3 0.17 0 0.6 0.78 0.17 1.39 2.43 0.17 1.13 0 0.95 0.17 0 0 0 0 0 0 0 0 0 0 0 0 0 0 0 0.08 0 0 0 0 0.08 0 0 0 0 0.108 0 0.271 0.243 0.013 6.395 583 1375
164 0 0.29 0 0 0 0.29 0.29 2.04 0 0 0.29 1.16 0.29 0 0.29 1.16 2.33 1.16 2.33 0 1.16 0 0 0 0 0 0 0 0 0 0 0 0 0 0 0 0 0 0 0 0 0 0 0 0 0 0 0 0 0.132 0 0.044 0 0 1.559 24 145
165 0 0.27 0.27 0 1.09 0 0 0 0.82 0.54 0 0.27 0.27 0 0 0.27 0.54 0 2.46 0 2.19 0 0 0.54 0 0 0 0 0 0 0 0 0 0 0 0 0 0 0 0 0 0 0 0 0 0 0 0 0 0 0 0.085 0.128 0 2.484 20 164
166 0 0 0.48 0 1.45 0 0 0 0.48 0 0 0 0 0.16 0 0.64 0.32 0 0.8 0 0.48 0 0 0 0 0 0 0 0 0 0 0 0 0 0 0.16 0 0 0 0 0 0 0 0 0.16 0 0 0 0 0.198 0 0.594 0 0 5.683 128 557
167 0 0 0 0 0 0 0 0 0 0 0 0 0 0 0 0 0 0 6.66 0 0 0 0 6.66 0 0 0 0 0 0 0 0 0 0 0 0 0 0 0 0 0 0 0 0 0 0 0 0 0 0 0 0.537 0 0 2.777 12 25
168 0 0 0 0 0 1.09 0 0 0 0 0 0 0 0 0 0 0 0 2.19 0 0 0 0 0 0 0 0 0 0 0 0 0 0 0 0 0 0 0 0 0 0 0 0 0 0 0 0 0 0 0.403 0 3.427 0 0 2.678 12 75
169 0 0 0 0 1.01 0 0 0 0 0 0 0 0 0 0 0 0 0 0 0 0 0 0 0 0 0 0 0 0 0 0 0 0 0 0 0 5.05 0 0 0 0 0 0 0 0 0 0 0 0 0.088 0 0 0.088 0 6.718 33 215
170 0.1 0 0.1 0 0.4 0.1 0.1 0 0.2 0.2 0.4 0.5 0 0.6 0 0.91 0.2 0 1.72 4.26 1.72 0 0.4 0.2 0 0 0 0 0 0 0 0 0 0 0 0 0 0 0 0 0 0 0 0 0 0 0 0 0 0.096 0 0.336 0.16 0 6.758 494 1426
171 0 0.08 0.25 0 0.84 0.25 0.08 0.33 0 0.16 0.08 0.76 0 0.08 0 1.61 0.76 0.33 1.52 0.33 0.5 0.84 0.42 0.08 0 0 0 0 0 0 0 0 0 0 0 0.25 0.08 0 0 0.08 0 0 0 0 0 0 0 0 0 0.047 0.015 0.518 0.157 0.33 7.277 292 2045
172 0 0.64 0.64 0 1.29 0.64 0 0.64 0 0.64 0 1.94 0 0.64 0 3.89 0 0.64 3.24 0 3.89 0 0 0 0 0 0 0 0 0 0 0 0 0 0 0 0 0 0 0 0 0 0 0 0 0 0 0 0 0 0 0.728 0.08 0.08 6.612 129 205
173 0 0 0 0 1.82 0.36 0.36 0.72 0.36 0.36 0 0 0 0 0 0 0 0.36 2.91 0 2.18 0 0.72 0 0 0 0 0 0 0 0 0 0 0 0 0 0 0 0 0 0 0 0.36 0.36 0 0 0 0 0 0.297 0.059 0.178 0 0 2.446 11 115
174 0.6 0 0.36 0 1.44 0 0 0 0.24 1.32 0.72 2.53 0.6 0 0 0.6 0.24 0 4.45 0 1.8 0 0.72 0.96 0 0 0 0 0 0 0 0 0 0 0 0 0 0 0 0 0 0 0 0 0.12 0 0 0 0 0.04 0 0.102 0.224 0 3.656 54 479
175 0 0.72 0 0 2.89 0 0 0 0 0 0.72 0.72 0 0 0 0 0 0 2.17 0 1.44 0 0 0 0 0 0 0 0 0 0 0 0 0 0 0 0 0 0 0 0 0 0 0 0 0 0 0 0 0 0 0 0 0 1.379 7 40
176 0 0 0.77 0 0.77 0 0.51 0.51 0 1.03 0 0.25 1.54 0 0.77 0 0 1.54 1.8 0 1.54 0 0.77 0 0 0 0 0 0 0 0 0 0 0 0 0 0 0 0 0.51 0 0 0 0 0 0 0 0 0 0.079 0 0.514 0.434 0 2.441 19 249
177 0 0.57 0.57 0 0.14 0.14 0 0 0.14 0 0 0.43 0.14 0 0 0 0.14 0 3.31 0 1.44 0 0 0 0 0 0 0 0 0 0 0 0 0 0 0.57 0 0 0 0 0 0 0 0 0 0 0 0 0 0 0 0.156 0 0 1.394 6 159
178 0.08 0.08 0.76 0 0.85 1.02 0.25 0.17 0.59 0.08 0.17 0.59 0.17 0 2.21 0.25 0.08 0.93 1.61 0.17 0.42 0 0.85 0.08 0 0 0 0 0 0 0 0 0 0 0 0 0 0 0 0.08 0 0 0.17 0.08 0.08 0.08 0 0 0 0.065 0 0.403 0.117 0.013 7.484 669 1407
179 0 0 0.93 0 0 0 0 0 0 2.8 0.93 0 0 0 0 0 2.8 0 4.67 0.93 0.93 0 0 0 0 0 0 0 0 0 0 0 0 0 0 0 0 0 0 0 0 0 0 0 0.93 0 0 0 0 0 0 0.464 0.154 0 1.612 10 50
180 0 0 0 0 0 0 0 0.42 0 0.42 0.42 0 0 0 0 0 0 0 2.52 0 2.94 0 0 0.42 0 0 0 0 0 0 0 0 0 0 0 0 0 0 0 0 0 0 0 0 0.84 0 0 0 0 0.129 0 0.129 0.194 0 1.859 20 119
181 0.35 0.46 0.31 0 0.15 0.03 0 0.35 0.58 0.66 0.31 0.7 0.62 1.28 0.03 0.23 0.42 0 3.12 0 1.36 0 0.46 0.46 0 0 0 0 0 0 0 0 0 0 0 0 0 0 0 0 0 0 0 0 0.03 0 0 0 0.006 0.09 0 0.324 0.486 0.126 6.11 116 2218
182 0 0 0 0 0 0 1.11 0 0 1.11 0 0 0 0 0 0 0 0 2.22 0 1.11 0 0 0 0 0 0 0 0 0 0 0 0 0 0 0 0 0 0 0 0 0 0 0 0 0 0 0 0 0.202 0 0.202 0 0 4 16 40
183 0 0 1 0 1 0 0 0 0 0 0 0 0 0 0 0 1 0 0 0 2 0 0 0 0 0 0 0 0 0 0 0 0 0 0 0 0 0 0 1 0 0 0 0 1 0 0 0 0 0.609 0 1.524 0 0.304 1 1 36
184 0 0.82 0.32 0 1.14 0.32 0 0.16 0 0.65 0 2.13 0 0 0 0.16 0 0 1.47 0 1.47 0 0.98 0.32 0 0 0 0 0 0 0 0 0 0 0 0 0 0 0 0 0 0 0 0.16 0 0 0 0 0 0 0 0 0.29 0.029 2.257 13 158
185 0 0.26 0.78 0 0.26 0.26 0.08 1.04 0.52 1.56 0.26 0.69 0.17 0.08 0.69 0.86 0.34 0 1.82 0.17 1.3 0 0.08 0.34 0 0 0 0 0 0 0 0 0.08 0 0 0.08 0 0 0 0 0 0 0 0 0.08 0.08 0 0 0.096 0.234 0 0.358 0.261 0.11 3.554 54 981
186 0 0 1.29 0 0 0 0 0 0 0 0 1.29 0 0 0 0 0 0 1.29 0 5.19 0 0 1.29 0 0 0 0 0 0 0 0 0 0 0 0 0 0 0 0 0 0 0 0 0 0 0 0 0 0 0 0 0.208 0 4.23 25 55
187 0 0 0.94 0 0.31 0 0 0 0.31 0 0 0.62 0 0 0 1.25 0.62 0 3.14 0 1.25 0 0.94 0 0 0 0 0 0 0 0 0 0 0 0 0 0 0 0 0 0 0 0 0 0.31 0 0 0 0 0.145 0.048 0.485 0.388 0.097 3.322 61 319
188 0.27 0 0.16 0 0.27 0 0 0.05 0 0.21 0.1 0.93 0.1 0 0 0.38 0.1 0 2.85 0 1.2 0 0.21 0.16 0 0 0 0 0 0 0 0 0.05 0 0 0 0.1 0 0 0 0 0 0 0 0 0 0 0 0.068 0.029 0 0.019 0.058 0.009 3.389 56 539
189 0 0 0 0 0.87 0 0 0 0 0 0 0 0 0.87 0 0 0 0 0.87 0 0 0 0 0 0 0 0 0 0 0 0 0 0 0 0 0 0 0 0 0 0 0 0 0 0 0 0 0 0 0.132 0 0 0 0 3.851 51 104
190 0 0 0 0 0 0.41 0 0 0 0.82 0 0 0 0 0 0.41 0 0 1.23 0 0 0 0.41 0 0 0 0 0 0 0 0 0 0 0 0 0 0 0 0 0 0 0 0 0 0 0 0 0 0.199 0.53 0.331 0.199 0 0 5.019 18 261
191 0 0 0 0 0 0 0 0 0 0 0 0 0 0 0 4.76 0 0 1.58 0 0 0 0 0 0 0 0 0 0 0 0 0 0 0 0 0 0 0 0 0 0 0 0 0 0 0 0 0 0 0 0 2.412 0 0.268 20 137 180
192 0 0 0 0 2.17 0 0 0 0 0 0 2.17 0 0 0 2.17 0 2.17 6.52 0 2.17 0 0 0 0 0 0 0 0 0 0 0 0 0 0 0 0 0 0 0 0 0 0 0 0 0 0 0 0 0 0 0 0 0 1.333 5 16
193 0.54 0 1.08 0 0.54 0 1.08 0 0 0 0 0.54 0 0 0 0.54 0.54 0 4.32 0 1.08 0 1.62 0 0 0 0 0 0 0 0 0 0 0 0 0 0 0 0 0 0 0 0 0 0.54 0 0 0 0 0 0 1.216 0.26 0 5.454 68 180
194 0.26 0.05 1.45 0 0.37 0.1 0 0 0.1 0.1 0.21 1.07 0 0 0 0 0 0 3.38 0 1.39 0 0 0.32 0 0 0 0 0 0 0 0 0 0 0 0 0 0 0 0 0 0 0 0 0.05 0 0 0 0 0.076 0 0.262 0.186 0.025 11.793 289 2288
195 0.32 0 0.8 0 0.8 0.32 0.16 0 0.64 0 0.32 1.44 0.16 0 0 0 0.32 0 3.37 0 1.28 0 0.16 0 0 0 0 0 0 0 0 0 0 0 0 0 0.32 0 0 0 0 0 0 0 0 0 0 0 0 0.05 0 0.05 0.075 0 1.419 15 159
196 0 0 3.48 0 0 0 0 1.16 1.16 0 0 0 0 0 0 0 0 0 2.32 0 0 0 0 0 0 0 0 0 0 0 0 0 0 0 0 0 0 0 0 0 0 0 0 0 0 0 0 0 0 0 0 1.405 0 0 9 28 72
197 0 0 0 0 0 1.4 0 0 0 0 0 0 0 0 0 2.81 0 0 0 0 0 0 0 0 0 0 0 0 0 0 0 0 0 0 0 0 0 0 0 0 0 0 0 0 0 0 0 0 0 0.24 0 0.963 0 0 3.8 17 57
198 0.58 0 0.19 0 1.75 0.39 0.58 0 0 0.19 0.39 0.78 0.39 0 0 0.58 0.58 0.58 4.29 0 0.39 0 0.78 0 0 0 0 0 0 0 0 0 0 0 0 0 0 0 0 0 0 0 0 0 0.39 0 0 0 0 0.271 0 0.067 0.135 0 3.015 21 190
199 0.85 0 0 0 0 0 0 0 0 0 0 0.85 0 0 0 4.27 0 0 3.41 0 4.27 0 0 5.98 0 0 0 0 0 0 0 0 0 0 0 0 0 0 0 0 0 0 0 0 0 0 0 0 0 0.146 0 0.881 0 0 5 17 150
200 0 0 0.42 0 0.42 0 0.21 0 0 0 0.21 0.21 0 0 0 0 0 0.42 0.42 0 0.64 0 0 0 0 0 0 0 0 0 0 0 0 0 0 0.42 0 0 0 0 0 0 0 0 0 0 0 0 0 0.126 0 0.031 1.269 0.412 13.017 183 1484
201 0.77 0.38 0.77 0 0 0.57 0 0.57 1.15 1.15 0 0.38 0.38 0 1.15 0.19 0.19 2.11 2.11 1.15 1.15 0 1.34 0.77 0 0 0 0 0 0 0 0 0 0 0.19 0 0 0 0 0 0 0 0 0 0 0 0 0 0.027 0.027 0 0.437 0.191 0.054 14.406 525 922
202 0 0 0.36 0 0.73 0 0 0 0 0.73 0 0.36 0 0 0 0 0 0 0.73 0 0 0 0 0 0 0 0 0.36 0 0 0 0 0 0 0 0 0 0 0 0 0 0 0 0 0 0.36 0 0 0 0 0 0 0 0 2.13 12 228
203 0 0 0 0 0 0 0 0 0 0 0 0 0 0 0 0 0 0 0 0 0 0 0 0 0 0 0 0 0 0 0 0 0 0 0 0 0 0 0 0 0 0 0 0 0 0 0 0 0 0.041 0 0 0 0 1.938 33 95
204 0 0 0 0 0 0 0 0 0 0 0 0 0 0 0 0 0 0 1.28 0 1.28 0 0 0 0 0 0 0 0 0 0 0 0 0 0 0 0 0 0 0 0 0 0 0 0 0 0 0 0 0 0 0.699 0.932 0 5.083 39 122
205 0.87 0.17 0.52 0 0 0.32 0 0.04 0.29 0.42 0.39 1.37 0.87 1.69 0 0.32 0.54 0.22 3.47 0.29 1.32 0 0.34 0.84 0 0 0 0 0 0 0 0 0 0 0 0 0 0 0 0 0 0 0 0.02 0.07 0 0.04 0 0.016 0.058 0 0.639 0.165 0.182 3.697 117 3498
206 0.22 0.88 0.44 0 0.22 0 0 0 1.32 1.54 0 0.88 0.66 0 1.1 0.66 0 1.54 2.87 0 1.54 0 0 0.22 0 0 0 0 0 0 0 0 0 0 0 0 0 0 0 0.44 0 0 0 0 0 0 0 0 0 0.085 0 0.659 0.114 0.028 9.1 65 728
207 0 0.24 1.45 0 0.36 0.6 0.6 0 0.6 1.45 0.12 0.85 0.48 0 1.94 0.12 0 0 1.33 0.12 0.6 0 0.48 0.12 0 0 0 0 0 0 0 0 0 0 0 0 0 0 0 0 0 0 0.24 0 0 0.12 0 0 0 0.117 0 0.234 0.234 0 4.493 39 746
208 0 0 0.21 0 0.21 0 0 0 0 0 0 0.84 0 0 0 0.21 0 0 0 0 0 0 0 0 0 0 0 0.42 0 0 0 0 0 0 0 0.42 0 0 0.21 0 0 0 0 0 0 1.48 0 0 0 0.057 0 0 0 0 2.807 39 379
209 0 0 0 0 0.67 0 0.67 0 0 0 0 0 0 0 0 0 0 0 0.67 0 0.67 0 0 0 0 0 0 0 0 0 0 0 0 0 0 0 0 0 0 0 0 0 0 0 0 0 0 0 0.114 0.114 0 0.228 0.228 0 2.847 16 168
210 0 0.22 0.22 0 0 0 0 0 0.22 2.75 0 0.68 0 0 0.68 0.45 0 1.37 2.06 0 4.12 0 0.45 0.22 0 0 0 0 0 0 0 0 0 0 0 0.22 0 0 0 0 0 0 0 0 0 0 0 0 0.028 0.114 0 0.919 0.229 0.028 4.444 138 400
211 0 0 0 0 0 0 0 0 0 0 0 0 0 2.05 0 0 0 0 0 0 0 0 0 0 0 0 0 1.36 0 0 0 0 0 0 0 0 0 0 0 0 0 0 0 0 0 2.73 0 0 0.098 0.589 0 0 0 0 2.044 22 92
212 0 0 0 0 0 0 0 0 0 0 0 0 0 0 0 0 0 0 0 0 0 0 0 0 0 0 0 8.33 0 0 0 0 0 0 0 0 0 0 0 0 0 0 0 0 0 0 0 0 0 2.013 0 0 0 0 3.5 28 42
213 0.98 0.16 0.41 0 0.16 0.24 0 0.16 0 0.49 0.08 0.57 0.9 0 0.16 0 0 0.32 2.37 0 1.23 0 0.49 1.14 0 0 0 0 0 0 0 0 0 0 0 0 0 0 0 0 0 0 0 0 0 0 0 0 0 0.096 0 0.736 0.256 0.096 4.123 84 701
214 0 0 0 0 0.44 0 0 0 0 0.88 0 0 0 0 0 0.44 0 0 1.32 0 0 0 0 0 0 0 0 0.44 0 0 0 0 0 0 0 0 0 0 0 0 0 0 0 0 0 0.44 0 0 0 0 0 0 0 0 1.841 10 186
215 0 0 0 0 0 0 0 0 0 0 1.23 0 0 0 0 2.46 0 0 2.46 0 2.46 0 0 0 0 0 0 0 0 0 0 0 0 0 0 0 0 0 0 0 0 0 0 0 0 0 0 0 0 0 0 0.232 0.465 0 2.687 12 43
216 0.2 0.41 0.2 0 1.44 0 0 0.41 0.41 0.62 0 1.86 0.2 0.2 0 0.2 0.41 0 2.69 1.03 2.48 0 0 0 0 0 0 0 0 0 0 0 0 0 0 0 0 0 0 0 0 0 0 0 0 0 0 0 0 0.249 0 0.996 0.106 0 7.836 116 384
217 0 0 0 0 0 0 0 0 0 3.7 0 0 0 0 0 0 0 0 0 0 0 0 0 0 0 0 0 0 0 0 0 0 0 0 0 0 0 0 0 0 0 0 0 0 0 0 0 0 0.261 0 0 0.785 0 0 4.333 13 78
218 0 0 0 0 0 0 0 0 0 0 0 0 1.44 0 0 1.44 0 0 5.79 0 1.44 0 1.44 0 0 0 0 0 0 0 0 0 0 0 0 0 0 0 0 0 0 0 0 0 0 0 0 0 0 0 0 0.542 0.271 0 2.157 11 41
219 0 0 0 0 0 0 0 0 0 3.92 0 0 0 0 0 0 0 0 1.96 0 0 0 0 0 0 0 0 0 0 0 0 0 0 0 0 0 0 0 0 0 0 0 0 0 0 0 0 0 0 0 0 0 0 0 1.55 3 31
220 0 0.5 0 0 0 0 0 0 2.5 0 0 0 0 0 0 0 0 0 0.5 0 1 0 0 0.5 0 0 0 0 0 0 0 0 0 0 0 0 0 0 0 0 0 0 0 0 0 0 0 0 0 0.178 0 0 0.267 0.089 10.372 114 446
221 0 0 0 0 0.68 0 2.04 0 0 0 0 0 0 0 0 0 0 2.04 1.36 0.68 2.04 0 0 0 0 0 0 0 0 0 0 0 0 0 0 0 0 0 0 0 0 0 0 0 0 0 0 0 0 0 0 0.309 0 0 2.111 14 95
222 0 0 0 0 0 0 0 0.85 0 0 0 0.85 0 0 0 0 0 0 2.56 0 0.85 0 0 0 0 0 0 0 0 0 0 0 0 0 0 0.85 0 0 0 0 0 0 0 0 0 0 0 0 0 0.144 0 0 0 0 1.333 6 28
223 0.33 0.84 0.67 0 0.67 0.33 0.67 0 0.33 0 0.16 0.84 0.16 0 0 0.67 0 0.5 3.03 0.33 2.18 0 0 0 0 0 0 0 0 0 0 0 0.33 0 0 0 0 0 0 0 0 0 0 0 0 0 0 0 0 0.183 0 0.156 0.104 0.026 6.5 525 858
224 0.1 0.2 1.01 0 0.8 0.8 0.5 0 0.8 0.1 0.3 0.7 0.3 0 1.61 0.1 0 1.11 1.31 0.2 0.7 0 0.6 0.1 0 0 0 0 0 0 0 0 0 0 0 0 0 0 0 0 0 0 0.2 0 0.1 0.1 0 0 0 0.11 0 0.488 0.157 0.015 8.55 669 1351
225 0 0 0 0 0 0 0 3.19 0 0 0 0 0 0 0 0 0 0 0 0 0 0 0 0 0 0 0 0 0 0 0 0 0 0 0 0 0 0 0 0 0 0 0 0 1.06 0 0 0 0 0.207 0 0.207 0.207 0 3.761 25 79
226 0 0 0.66 0 0.33 0 0.33 0.33 1.33 2 0 0.66 0 0.33 1 0.33 0 0.66 2.67 0 1 0 2 0 0 0 0 0 0 0 0 0 0.33 0 0 0 0 0 0 0 0 0 0 0 0.33 0 0 0 0 0.23 0 0.057 0.23 0 5.279 82 227
227 0 0 0 0 0 0 0 0 0 0 0 0 0 0 0 0 0 0 0 0 0 0 0 0 0 0 33.33 0 0 0 0 0 0 0 0 0 0 0 0 0 0 0 0 0 0 0 0 0 0 0 0 0 0 0 1 1 3
228 0 0 0 0 0 0 0 0 0 0 0 0.24 0 0 0 0 0 0 0.24 0 0 0 0 0 9.33 3.93 0.24 0 0 0.73 0 0 0 0 0.24 0.24 0 0 0.24 0 0 0.73 0 0.49 0 0 0 0 0 0.037 0 0.149 0 0 10.012 251 791
229 0 0 0 0 1.51 0 0 0 0 0 0 3.03 0 0 0 0 0 0 1.51 0 0 0 0 0 0 0 0 0 0 0 0 0 0 0 0 0 0 0 0 0 0 0 0 1.51 0 0 0 0 0 0.547 0 0 0 0 1.75 5 28
230 0 0 0 0 0 0 0 0 0 0 0 1.78 0 0 0 0 0 0 0 0 0 0 0 0 0 0 0 0 0 0 0 0 0 0 0 0 0 0 0 0 0 0 1.78 0 0 0 0 0 0 0.336 0 0 0 0 1.909 5 21
231 0.08 0.16 0.08 0 0.2 0 0.04 0.04 0.04 0.49 0.12 0.32 0.12 0.04 0 0.08 0 0 0.77 0 0.2 0 0 0 0 0 0 0 0 0 0 0 0 0 0 0.69 0.65 0 0 0.04 0 0.08 0 0.16 0 0.28 0 0.89 0.016 0.243 0 0.033 0 0.016 2.747 86 1995
232 0 1.28 0 0 0 0 0 0 0 0 0 1.28 0 0 0 0 0 0 2.56 0 1.28 0 0 0 5.12 0 0 0 0 0 0 0 0 0 0 0 0 0 0 0 0 0 0 0 0 0 0 0 0 0.196 0 0 0 0 1.952 10 41
233 0 0 1.02 0 0 0 0 0 0 0 0 0 0 0 0 0 0 0 0 0 0 0 0 0 0 0 0 1.02 0 0 0 0 0 0 1.02 0 1.02 0 0 0 0 0 0 0 0 0 0 0 0 0.167 0 0 0 0 2.195 17 90
234 0 0 0.1 0 0.1 0.1 0.2 0.2 0.1 0 0 0.2 0.1 0.2 0 0 0 0 0 0 0 0 0 0 3 0 0 0 0 0 0 0 0 0 0 0.31 0 0 0 0 0 0 0 0 0 0 0 0.2 0.013 0.097 0 0 0.027 0 2.214 22 423
235 0.3 0 0 0 0 0 0 0 0 0 0 0.61 0 0 0 0 0 0 0.3 0 0 0 0 0 0.3 0 0 0 0 0.3 0 0 0.3 0 0 0 0 0 0.3 0 0 0 0 0 0 0 0 0 0 0 0 0 0 0 1.426 6 97
236 0 0 0 0 0 0 0 0 0 0 0 0 0 0 0 0 0 0 0 0 0 0 0 0 0 0 0 0 0 0 0 0 0 0 0 0 0 0 0 0 0 0 0 0 0 0 0 0 0 0 0 1.886 0 0 1.375 4 11
237 0 0 0 0 0 0 0 0 0.14 0 0 0.43 0 0 0 0 0.14 0 0 0 0.14 0 0 0 0.14 0.57 0 0 0 0 0 0 0.14 0 0 0.43 0 0 0 0 0 0 0 0 0 0 0 0.14 0.058 0.156 0 0 0 0 1.687 24 496
238 0 0 0 0 0 0 0 0 0 0 0 1.01 0 0 0 0 0 0 0 0 1.01 0 0 0 1.01 0 0 0 0 0 0 0 0 0 2.02 1.01 0 0 1.01 0 0 0 0 0 0 0 0 0 0 0 0 0 0 0 3.108 25 115
239 0 0 0 0 0 0 0 0 0 0 0 0.96 0 0 0 0 0 0 1.44 0 0.48 0 0 0 2.89 0 0 0 0 0 0 0 0 0 0 0 0.48 0 0.48 0 0 0 0.48 0 0 0 0 0.48 0 0.371 0.074 0.074 0 0 2.534 18 185
240 1 0 2 0 0 0 0 0 0 0 0 1 0 0 0 0 0 0 5 0 1 0 0 0 0 0 0 0 0 0 0 0 0 0 0 0 0 0 0 0 0 0 0 0 0 0 0 0 0.17 0 0 0.17 0 0 1.692 4 22
241 0 0 0 0 0 0 0 0 0 0 0 1.72 0 0 0 0 0 0 3.44 0 1.72 0 0 0 0 1.72 0 0 0 0 0 0 0 0 0 0 0 0 1.72 0 0 0 0 0 0 0 0 0 0 0 0 0 0 0 2.058 5 35
242 0 0 0.25 0 0 0.25 0.5 0.25 0 0 0 0 0 0 0 0 0 0 1.25 0 0.25 0 0 0 0 0 0 0 0 0 0 0 0 0 0 0 0 0 0 0 0 0 0 0 0.25 0 0 0 0 0.18 0 0.045 0 0 1.324 5 98
243 0 0 0 0 0 0 0 0 0 0 0 2.77 0 0 0 0 0 0 0 0 0 0 0 0 0 0 0 0 0.92 0 0 0 0 0 0 0 0.92 0 0 0 0 0.92 0 0 0 0 0 0 0 0.165 0 0.165 0 0 1.666 7 45
244 0 0 0 0 0 0 0 0 0.14 0 0 0.43 0 0 0 0 0.14 0 0 0 0.14 0 0 0 0.14 0.57 0 0 0 0 0 0 0.14 0 0 0.43 0 0 0 0 0 0 0 0 0 0 0 0.14 0.058 0.156 0 0 0 0 1.566 13 462
245 0 0 0 0 0 0 0 0 0 0 0 0.81 0 0 0 0 0 0 0.81 0 0 0 0 0 2.45 2.45 0 0 0 0 0 0 0 0 0 0 0 0 0 0 0 0 0 0 0 0 0 0 0.12 0.12 0 0 0 0 2.473 11 47
246 0 0 0 0 0 0 0 0 0 0 0 0 0 0 0 0 0 0 0 0 0 0 0 0 0 0 0 0 0 0 0 0 3.44 0 0 0 0 0 0 0 0 0 0 0 0 0 0 0 0 0 0 0 0 0 1.5 6 66
247 0.09 0.04 0.04 0 0.04 0 0 0 0.66 0 0 0.33 0.04 0 0 0 0 0.04 0.19 0 0.14 0 0 0 0.62 0.66 0.04 0 0 0 0 0 0.14 0 0 0.04 0 0 0 0 0 0 0 0.09 0 0 0 0.04 0.145 0.152 0.053 0 0.013 0 3.685 85 1463
248 0.54 0 0.27 0 0 0 0 0 0.27 0.54 0 0.81 0 0 0 0 0 0.27 1.08 0 0.81 0 0 0 0.81 0.81 0 1.08 0 0.54 0 0 0.27 0 1.08 0 0 0 0 0 0 0 0 0 0 0 0.27 0 0.039 0.318 0.079 0 0 0 4.971 76 517
249 0 0 0 0 0 0 0 0 0 0 0 0 0 0 0 0 0 0 0 0 0 0 0 0 0 0 5 0 0 0 0 0 0 0 0 0 0 0 0 0 0 0 0 5 5 0 0 0 0 0 0 0 0 0 1.125 2 9
250 0 0 0 0 0 0.69 0 0 0.23 0 0 0 0 0 0 0 0 0 0 0 0 0 0 0 0.92 0.92 0 0 0 0 0 0 0.46 0 0 0 0.23 0 0.23 0.23 0 0 0.23 0 0 0.69 0 0 0.033 0 0.033 0 0 0 1.554 13 143
251 0 0 0 0 0 0 0 0 0 0.51 0 0 0 0 0 0 0 0 0.51 0 0.51 0 0 0 3.06 2.04 0.51 2.04 0.51 1.02 0.51 0.51 0 0.51 1.02 0.51 0 0 0.51 0.51 0 1.02 0 0 0.51 0 0 0 0.158 0.553 0 0 0 0 4 37 216
252 0.3 0 0.3 0 0 0 0 0 0 0 0 0.15 0 0 0 0 0 0.15 1.38 0 0.61 0 0 0 1.38 0.3 0.61 0.15 0.15 0.15 0.15 0.15 0.3 0.15 0.15 0.15 0.3 0 0.15 0.15 0 0 0.3 0 0.61 0 0 0 0.131 0.183 0.052 0 0 0 1.837 13 305
253 0.35 0 0.35 0 0 0 0 0 0 0 0 0.35 0 0 0 0 0 0 1.42 0 0.71 0 0 0 0 0 0.35 0 0 0 0 0 0.35 0 0 0 0 0 0 0 0 0 0 0 0 0 0 0 0 0 0 0 0 0 1.292 4 84
254 0 0 0 0 0 0 0 0 0 0 0 0 0 0 0 0 0 0 0 0 0 0 0 0 0 0 16.66 0 0 0 0 0 0 0 0 0 0 0 0 0 0 0 0 0 0 0 0 0 0 0 0 0 0 0 1 1 6
255 0 2.07 0 0 0 0 0 0 1.55 0 0 0.51 0 0 0 0 0 0 1.03 0 0 0 0 0 0.51 0 2.59 0 0 0 0 0 0 0 0 0 0 0 0 0 0 0 0 0 0 0 0 0 0 0.07 0 0 0.141 0.211 25.812 104 413
256 0 0 0 0 0.34 0 0 0 0 0 0 0.34 0 0 0 0 0 0 0 0 0 0 0 0 0 0 0 0 0.34 0 0 0 3.06 0 0 0 0.34 0 0 0 0.34 0 0 0 0 0 0 0.34 0.088 0.132 0 0 0 0 1.25 7 85
257 0 0 0 0 0 0 0 0 0 0 0 0 0 0 0 0 0 0 0 0 0 0 0 0 0 0 20 0 0 0 0 0 0 0 0 0 0 0 0 0 0 0 0 0 0 0 0 0 0 0 0 0 0 0 1 1 5
258 0 0 0 0 0 0 0 0 0 0.47 0 0 0 0 0 0 0 0 0 0 0 0 0 0 0 0 0.47 0 0.47 0 0 0 0.47 0 0 0 0 0 0 0 0 0 0 0 0 0 0 0 0 0.074 0.297 0 0 0.074 4.308 28 293
259 0.66 0 0 0 0 0 0 0 0.66 0.66 0 2 0 0 0 0 0 0 2 0 1.33 0 0 0 0.66 0.66 0 1.33 0 0 0 0 0 0 0 0 0 0 0.66 0 0 0 0 0 0 0 0 0 0 0.35 0 0 0 0 2.529 11 86
260 0 0 0 0 0 0 0 0 0 0 0 0.86 0 0 0 0 0 0 0 0 0 0 0 0 0 0 0 0 0 0 0 0 0 0 0 0 0.86 0 0 0 0 0 0 0 0 0 0 0 0 0 0 0 0 0 1.592 8 43
261 0 0 0 0 0 0 0 0 0 0 0 0 0 0 0 0 0 0 0.93 0 0.46 0 0 0 4.2 2.8 1.4 0.46 0.46 0.46 0.46 0.46 0 0.46 0.46 0.46 0.46 0 0 0.46 0 0 0.46 0 0.46 0 0 0 0.151 0.227 0.075 0.075 0.075 0 2.482 12 139
262 0 0 0.16 0 0.83 0 0.16 0 0.16 0 0 0.66 0 0.66 0 0 0.16 0 0 0 0.16 0 0 0 3 0.83 0.33 0.5 0.16 0.16 0.5 0.16 0 0.16 0.5 0.16 0.5 0 0.16 0.16 0 0.66 0.33 0.16 0 0 0 0 0 0.162 0.04 0.02 0 0.02 2.604 28 758
263 0 0 0 0 0 0 0 0 0 0.54 0 0 0 0 0 0 0 0 1.62 0 0 0 0 0 1.62 1.08 1.08 1.62 0.54 0.54 0.54 0.54 0 0.54 0.54 0.54 0.54 0 0 0.54 0 0 0.54 0 0.54 0 0 0 0 0.559 0 0 0 0 3.039 13 155
264 0 0 0 0 0 0 0 0 0 0 0 0 0 0 0 0 0 0 0 0 0 0 0 0 0 0 20 0 0 0 0 0 0 0 0 0 0 0 0 0 0 0 0 0 0 0 0 0 0 0 0 0 0 0 1 1 5
265 0 0 0.29 0 0.59 0 0 0 0.29 0 0 0 0 1.79 0 0 0.29 0 0 0 0.59 0 0 0 0.59 0 0 0 0 0 0 0 0 0 0 0 0.29 0 0 0 0 2.69 0 0 0 0 0 0 0 0.052 0 0.078 0 0.235 3.153 121 618
266 0.29 0 0.51 0 1.62 0 0 0 0 0 0 0.73 0.14 0 0 0.07 0.81 0 1.54 0 0.07 0 0 0 0.95 0 0 0 0 0.07 0 0 0 0 0 0.14 0.07 0.07 0 0 0 0.07 0 0 0.07 0 0 0 0 0.032 0 0 0.01 0 1.588 51 243
267 0 0 0 0 0 0 0 0 0 0 0 0 0 0 0 0 0 0 1.29 0 0 0 0 0 1.29 1.29 1.29 0 0 0 1.29 0 0 0 0 0 0 0 1.29 0 0 0 0 0 1.29 0 0 0 0 0.234 0 0 0 0 1.857 8 39
268 0 0 0 0 0 0 0 0 0 0 0 0 0 0 0 0 0 0.84 0 0 0 0 0 0 2.54 2.54 0 1.69 0 0 0 0 0 0 1.69 0 0 0 0.84 0 0 0 0 0 0.84 0 0 0.84 0 0.123 0 0.123 0 0.371 5.515 34 182
269 0 0 0 0 4.76 0 0 0 0 0 0 4.76 0 0 0 0 0 0 0 0 0 0 0 0 0 0 0 0 4.76 0 0 0 0 0 0 0 0 0 0 0 0 7.14 0 0 0 0 0 0 0 0 0 0 0 0 1.23 3 16
270 0.08 0.17 0.17 0 0.8 0.08 0 0.26 0 0 0 3.39 0.17 0 0 0.08 0 0 0 0 0 0 0 0 2.68 0 0 0 0 0 0 0 0 0 0 0.35 0.08 0 0 0 0 0.08 0.08 0 0 0 0 0 0.023 0.046 0 0 0.023 0 2.658 57 436
271 0.9 0 0.9 0 0 0 0 0 0 0 0.9 0 0 0 0 0 0 0.9 0.9 0 0 0 0 0 1.81 1.81 0 0.9 0 0.9 0.9 0 0 0 0.9 0.9 0 0 0 0 0 0 0 0 0 0 0 0 0 0.112 0 0.225 0 0 1.807 10 47
272 0.22 0 0.22 0 0.45 0 0 0 0.22 0 0 0 0 1.35 0 0 0.22 0 0 0 0.67 0 0 0 0.67 0 0 0 0 0 0 0 0 0 0 0 0.45 0 0 0 0 2.02 0 0 0.22 0 0 0 0 0.042 0 0.063 0 0.232 3.133 121 749
273 0 0 0.29 0 0 0 0 0 0 0 0 0 0 0 0 0 0 0 0.29 0 0 0 0 0 0 0 0 0 0 0 0 0 0 0 0.29 1.17 0 0 0 0 0 0.58 0 0.29 0.29 0 0 0 0 0.178 0 0.044 0 0 1.666 10 180
274 0 0 0 0 0 0 0 0 0 0 0 0 0 0 0 0 0 0 0 0 0 0 0 0 0 0 0 0 0 0 0 0 0 0 0 0 0 0 0 0 0 0 0 0 0 0 0 0 0 0 0 0 0 0 1.888 5 17
275 0 0 0 0 0 0 0 0 0 0 0 0.72 0 0 0 0 0 0 1.45 0 2.18 0 0 0 1.45 0.72 1.45 0.72 0.72 0.72 0.72 0.72 0 0.72 0.72 0.72 0.72 0 0.72 0.72 0 0 0.72 0 0.72 0 0 0 0 0.367 0 0 0 0 1.897 12 74
276 0 0 0 0 0 0 0 0 0 0 0 0 0 0 0 0 0 0 0 0 0 0 0 0 0 0 0 0 0 0 0 0 0 0 0 0 0 0 0 0 0 0 0 0 0 0 0 0 0 0 0 0 0 0 1 1 3
277 2.77 0 0 0 0 0 0 0 0 0 0 0 0 0 0 0 0 0 0 0 0 0 0 0 0 0 0 0 0 0 0 0 0 0 0 0 0 0 0 0 0 0 0 0 0 0 0 0 0 0 0 0 0 0 1.1 2 11
278 0 0 0 0 0 0 0 0 0 2.32 0 0 0 0 0 0 0 0 0 0 0 0 0 0 2.32 2.32 0 4.65 0 2.32 0 0 0 0 4.65 0 0 0 0 0 0 0 0 0 0 0 0 0 0 0.453 0 0 0 0 11.687 75 187
279 0 0 0 0 0 0 0 0 0 0 0 0 0 0 0 0 0 0 1.08 0 0 0 0 0 7.6 2.17 2.17 1.08 1.08 1.08 1.08 1.08 0 1.08 1.08 1.08 1.08 0 0 1.08 0 0 1.08 0 0 0 0 0 0 0.364 0.182 0 0 0 2.421 13 92
280 0 0 0 0 0 0 0 0.13 0 0.13 0 1.1 0.13 0 0 0 1.24 0 0 0 0 0 0 0 3.17 0 0 0 0 0 0 0 0.69 0 0 0.27 0.41 0 0 0 0 0 0 0 0 0 0 0.13 0.07 0.07 0 0 0 0 2.064 23 322
281 0 0.31 0 0 0 0 0 0.31 0 0 0 0.62 0 0 0 0 0 0.31 0 0 0 0 0 0 0 0 0 0 0 0 0 0 0 0 0 0 0.62 0 0.31 0 1.24 0 0.31 0 0 1.24 0 0 0 0.088 0.044 0 0 0 3.086 34 250
282 0 0 0 0 0.19 0 0 0 0.09 0 0.09 0.59 0 0 0 0.09 0.39 0 1.77 0 0.98 0 0.09 0 1.57 0.78 0 0 0 0.09 0.19 0 0.09 0 0.19 0.09 0.39 0 0.29 0.09 0 0 0 0.09 0 0 0 0.19 0 0.096 0.027 0.068 0 0 2.059 25 593
283 0 0 0 0 0.93 0 0 0 0 0 0 0.93 0 0 0 0 0 0 0 0 0 0 0 0 3.73 0 0 0 0 0 0 0 3.73 0 0 0 0 0 0 0 0 0 0 0 0 0 0 0 0 0 0 0 0 0 1.533 7 46
284 0 0 0 0 0 0 0 0 0 0 0 0 0 0 0 0 0 0 0 0 0 0 0 0 0 0 2 0 2 0 0 0 2 0 0 0 0 0 0 0 0 0 0 0 0 0 0 0 0 0.341 0 0 0 0.341 3.166 7 57
285 0 0 1.58 0 0 0 0 0 0 0 0 0.79 0 0 0 0 0 0 1.58 0 0 0 0 0 0.79 0.79 0 0 0 0 0 0 0 0 0 0 0 0 0 0 0 0 0 0 0 0 0 0 0 0.149 0 0.149 0 0 1.482 10 43
286 0.12 0 0.12 0 0 0 0 0 1.11 0 0 0.37 0 0 0 0 0 0 0.49 0 0.24 0 0 0 0.61 0.74 0.12 0 0 0 0 0 0.74 0 0 0 0 0 0 0 0 0 0 0 0 0 0 0 0.119 0.17 0.034 0 0.034 0 3.237 32 505
287 0 0 0 0 0 0.18 0 0 0 0 0 0 0 0 0 0 0 0 0 0 0 0 0 0 1.12 1.3 0 0 0 0 0 0 0 0 0 0.18 0.93 0 0.18 0 1.3 0 0 0 0 1.49 0 0 0.182 0.339 0.13 0 0 0 3.628 44 479
288 0 0 0.74 0 0 0 0 0 0 0 0 2.22 0 0 0 0 0 0 1.48 0 0 0 0 0 0 0.74 0 0 0 0 0 0 0 0 0 0 0.74 0 0 0 0 0 0 0 0 0 0 2.22 0 0 0 0 0 0 2.595 31 122
289 0 0 0.61 0 0 0 0 0 0 0 0 0.61 0 0 0 0 0 0 0.61 0 0 0 0 0 5.52 1.22 1.22 0.61 0.61 1.84 0.61 0.61 0 0.61 0.61 0.61 0 0 1.22 0.61 0 0 0 0 0.61 0 0 0 0 0.143 0 0 0 0 3.682 51 151
290 0.18 0 0.55 0 0.18 0 0 0 0 0 0 0.37 0 0 0 0 0 0 1.49 0 0 0 0 0 0 0 0 0 0 0 0 0 0 0 0 0 0.18 0 0 0 0 0 0 0 0.18 0 0 0 0.031 0.127 0.031 0 0 0 1.428 5 80
291 0 0 0 0 0 0 0 0 0 0 0 0 0 0 0 0 0 0 0 0 0 0 0 0 9.09 2.27 2.27 2.27 2.27 2.27 2.27 2.27 0 2.27 2.27 2.27 0 0 0 2.27 0 0 0 0 0 0 0 0 0 0.664 0 0 0 0 3.157 11 60
292 0 0 0 0 0 0 0 0 0 0 0 0 0 0 0 0 0 0 0 0 0 0 0 0 0 0 0 0 0 0 0 0 0 0 0 0 0 0 0 0 0 0 0 0 4.76 0 0 0 0 0 0 0 0 0 1.5 3 6
293 0 0 0 0 0 0 0 0 0 0 0 3.7 0 0 0 0 0 0 3.7 0 0 0 0 0 0 7.4 0 0 0 0 0 0 0 0 0 0 0 0 0 0 0 0 0 0 0 0 0 3.7 0 0 0 0.371 0 0 2.25 8 27
294 0 0 0 0 0 0 0 0 0 0 0 0 0 0 0 0 0 0 0 0 0 0 0 0 0 0 0.72 0 0.72 0 0 0 0.72 0 0 0 0 0 0 0 0 0 0 0 0 0 0 0 0 1.047 0 0 0 0.13 3.475 7 139
295 0 0 0 0 0.96 0 0 0 0 0.48 0 0.48 0 0 0 0 0.48 0 1.93 0 0 0 0 0 0.96 0.96 0 0 0 0 0 0 0 0 0 0 0 0 0 0 0 0 0 0 0 0 0 0 0.223 0 0 0 0 0 1.375 5 55
296 0 0 0 0 1.43 0 0 0 0 0 0 0 0 0 0 0 0 0 1.43 0 0 0 0 0 0 0 0 0 0 0 0 0 0.71 0 0 0 0 0 0 0 0 2.15 0 0 0 0 0 0 0 0.138 0 0 0 0 1.863 5 41
297 0 0 0 0 0 0 0 0 0 0 0 0 0 0 0 0 0 0 0 0 0 0 0 0 0 0 0 0 0 0 0 0 0.45 0 0 0 0 0 0 0 0 0 0 0 0 0 0 0 0 0.027 0 0 0 0 1.567 6 428
298 0 0 1.06 0 1.06 0 0 0 0 0 0 1.06 0 0 0 0 0 0 4.25 0 0 0 0 0 0 0 1.06 0 0 0 0 0 1.06 0 0 0 0 0 0 0 0 0 0 0 0 0 0 0 0 0 0 0.186 0 0 1.25 4 25
299 0.39 0 0 0 0.78 0.39 0 0 0 0 0 0.39 0 0 0 0 0 0 0.39 0 0.39 0 0 0 3.14 0.39 1.18 0.39 0.39 0.39 0.39 0.39 0.39 0.39 0.39 0.39 0.78 0 0.78 0.39 0 1.96 0.78 0 0.78 0 0 0 0.645 0.581 0 0.129 0 0 2.895 16 249
300 0 0 0 0 1.92 0 0 0 0 0 0 2.88 0 0 0 0 0 0 0 0 0 0 0 0 0.96 0.96 0 0 0 0 1.92 0 0 0 0.96 0 0.96 0 0.96 0 0 0 0 3.84 0 0 0 0 0 0 0 0 0 0.161 2.307 14 90
301 0 0 0 0 0 0 0 0 0 0 0 0 0 0 0 0 0 0 1.78 0 0 0 0 0 1.78 1.78 0 0 0 0 0 0 3.57 0 0 0 0 0 0 0 0 0 0 0 0 0 0 0 0 0 0 0 0 0 1.5 9 30
302 0 0 0 0 5 0 0 0 0 0 0 0 0 0 0 0 0 0 0 0 0 0 0 0 0 0 0 0 0 0 0 0 0 0 0 0 0 0 0 0 0 0 0 0 0 0 0 0 0 0 0 0 0 0 3.5 9 21
303 0.05 0 0.1 0 0 0.1 0 0.05 0.49 0 0 0.27 0 0 0 0 0.38 0 0.21 0 0.1 0 0 0 0.49 0.54 0.05 0 0 0 0 0 0.38 0 0 0.38 0.21 0 0 0 0 0 0 0 0 0 0 0 0.308 0.136 0.078 0 0.014 0 3.715 107 1386
304 0 0 0 0 0 0 0 0 0 0.57 0 0 0 0 0 0.57 0 0 2.87 0 4.02 0 0 0 0 0 0 0 0 0 0 0 0 0 0 0 0 0 0 0 0 0 0 0 1.14 0 0 0 0 0.84 0 0 0 0.076 3.583 31 129
305 0 0 0 0 0 0 0 0 0 0 0 1.04 0 0 0 0 0 0 5.2 0 0 0 0 0 0 0 1.04 0 0 0 0 0 0 0 0 0 0 0 0 0 0 0 0 0 0 0 0 0 0 0.195 0 0 0 0 1.071 2 15
306 0 0 0 0 0 0 0 0 0 0 0 0.89 0 0 0 0 0 0 3.57 0 2.67 0 0 0 0 0 0 0 0 0 0 0 0 0 0 0 0 0 0 0 0 0 0 0 0 0 0 0 0 0 0 0 0 0 2.375 23 38
307 0.51 0 0 0 0 0 0 0 0 0 0 1.54 0 0 0 0 2.06 0 0.51 0 0 0 0 0 3.6 2.06 0 0 0 0.51 0 0 0 0 0 0.51 0 0 0 0 0 0 0 0 0.51 0 0 0 0 0 0 0 0 0 1.574 4 74
308 0.3 0 0.15 0 0 0.15 0.3 0 0 0 0 0.3 0 0 0 0 0 0 0.75 0 0.3 0 0 0 0.75 0.3 0.3 0.15 0.15 0.15 0.15 0.15 0.45 0.15 0.15 0.15 0.15 0 0.15 0.15 0 0 0.15 0.75 0.15 0 0 0 0 0.328 0.046 0 0 0 1.703 12 155
309 0 0 0 0 0 0 0 0 0 0 0 0 0 0 0 0 0 0 9.09 0 0 0 0 0 0 0 9.09 0 0 0 0 0 0 0 0 0 0 0 0 0 0 0 0 0 0 0 0 0 0 0 0 0 0 0 1 1 5
310 0 0 0 0 1.26 0 0 0 0 0 0 1.26 0 0 0 1.26 0 0 2.53 0 0 0 0 0 0 0 1.26 0 1.26 0 0 0 0 0 0 0 0 0 0 0 0 1.26 0 0 1.26 0 0 0 0 0 0 0 0 0 1.285 5 18
311 0 0 0 0 0 0 0 0 0 0 0 0 0 0 0 0 0 0 3.33 0 0 0 0 0 0 0 0 0 0 0 0 0 0 0 0 0 0 0 0 0 0 0 0 0 0 0 0 0 0 0 0 0 0 0 1.375 4 11
312 0 0 0 0 0 0 0 0 0 0 0 0 0 0 0 0 0 0 4.16 0 0 0 0 0 0 0 0 0 0 0 0 0 0 0 0 0 0 0 0 0 0 0 0 0 0 0 0 0 0 0 0 0.74 0 0 1.625 6 13
313 0 0 0 0 0.1 0 0 0 0 0 0 0.1 0 0 0 0 0 0 0 0 0 0 0 0 2.06 1.19 0 0 0 0.1 0 0 1.3 0 0 0.1 1.08 0 0 0 0.65 0 0 0 0 2.6 0 0.1 0.14 0.5 0.093 0 0 0 4.06 51 1003
314 0 0 0.86 0 0 0 0 0 0 0 0.86 0.86 0 0 0 0 0 0.86 6.95 0 4.34 0 0 0 0 0 0.86 0 0 0 0 0 0 0 0 0 0 0 0 0 0 0 0 0 0 0 0 0 0 0 0 0 0 0 1.047 2 22
315 0 0 0 0 0 0 0 0 0 0 0 0 0 0 0 0 0 0 0 0 0 0 0 0 16.66 0 0 0 0 0 0 0 0 0 0 0 0 0 0 0 0 0 0 0 0 0 0 0 0 0 0 0 0 0 3.125 17 25
316 0 0 0 0 0 0 0 0 0 0 0 0 0 0 0 0 0 0 0 0 0 0 0 0 0 0 20 0 0 0 0 0 0 0 0 0 0 0 0 0 0 0 0 0 0 0 0 0 0 0 0 0 0 0 1 1 5
317 0 1.96 0 0 0 0 0 0 0 0 0 0 0 0.98 0 0 0 0 1.96 0 0.98 0 0 0 1.96 1.96 1.96 0 0 0 0 0 0 0 0 0 0 0 0 0 0 0 0.98 0 0 3.92 0 0 0 0 0 0 0 0 3.129 17 97
318 0 0 1.58 0 0 0 0 0 0 0 0 0 0 0 0 0 0 0 0 0 0 0 0 0 4.76 1.58 1.58 3.17 0 1.58 0 0 0 0 1.58 0 0 0 0 0 0 0 0 0 0 0 0 0 0 0.4 0 0 0.601 0 3.36 13 84
319 0 0 0 0 0 0 0 0 0 0 0 0 0 0 0 0 0 0 0 0 0 0 0 0 20.83 4.16 0 0 0 0 0 0 0 0 0 0 0 0 0 0 0 0 0 0 0 0 0 0 0 0 0 0 0 0 3.555 18 64
320 0 0 0 0 0 0 0 0 0 0 0 0 1.88 0 0 0 0 1.88 0 0 0 0 0 0 0 0 0 0 0 0 0 0 0 0 0 0 0 0 0 0 0 0 0 1.88 0 0 0 0 0 0 0 0 0 0 1.533 5 23
321 0 0 0 0 0 0 0 0 0 1.19 0 2.38 0 0 0 0 0 0 1.19 0 0 0 0 0 1.19 1.19 0 2.38 0 0 0 0 0 0 0 1.19 0 0 0 0 0 0 0 0 0 0 0 0 0 0.621 0 0 0 0 2.617 11 89
322 0 0 0 0 0 0 0 0 0 0 0 0.33 0 0 0 0 0 0 0 0 0 0 0 0 0 0 0 0 0 0.11 0 0 0.22 0 0 0.33 0.11 0 0 0 0 0.11 0 0 0 0 0 0 0.053 0.16 0 0 0 0 2.367 24 651
323 0.29 0 0.44 0 0.73 0 0 0 0 0 0 0.58 0 0 0 0.14 0 0 0.73 0.14 0.29 0 0 0 0 0 0 0 0 0 0 0 0 0 0 0 0.29 0 0 0 0 0.14 0 0.14 0 0 0 1.32 0.02 0.321 0.18 0.14 0 0 1.891 24 522
324 0 0 0 0 0 0 0 0 0 0 0 0 0 0 0 0 0 0 0 0 0 0 0 0 0 0 16.66 0 0 0 0 0 0 0 0 0 0 0 0 0 0 0 0 0 0 0 0 0 0 0 0 0 0 0 1 1 5
325 0 0 0 0 0 0 0 0 0 0 0 2.81 0 0 0 0.35 0 0.35 0.35 0 0 0 0 0 0.35 0 0 0 0 0 0 0 0 0 0 0 0.35 0 0 0 0 0 0 0 0 0 0 0 0 0.293 0 0 0 0 1.226 5 146
326 0 0 0 0 0 0 0 0 0 0 0 0.35 0 0 0 0 0 0 0.35 0 1.06 0 0 0 1.41 1.06 0.7 0.35 0.35 0.7 0.35 0.35 0.35 0.35 0.35 0.35 0.35 0 0 0.35 0 0 0.35 0 0.7 0 0 0 0 0.222 0.055 0 0 0 1.506 12 119
327 0.21 0 0.21 0.21 0.63 0 0 0 0 0 0.42 0 0.21 0 0 0.84 0 0.42 1.9 0 0 0 0.21 0 0 0 0 0 0 0 0 0 0 0 0 0 0.21 0 0 0 0 0 0 0 0 0 0 0 0 0.031 0 0.374 0.062 0 2.892 71 405
328 0 1.17 0 0 0 0 0 0 1.17 0 0 0 0 0 0 0 0 0 0 0 0 0 0 0 0 1.17 2.35 0 0 0 0 0 0 0 0 0 1.17 0 0 0 0 0 0 0 0 0 0 1.17 0.376 0 0 0 0 0 2.925 16 117
329 0 0 0 0 0.27 0 0 0 0 0.27 0 0.54 0 0.54 0 0 0.54 0 1.63 0 0 0 0 0 4.89 1.35 0.27 0.27 0.27 0.27 0.27 0.27 0 0.27 0.27 0.27 0 0 0.27 0.27 0 0 0.27 0 0.81 0 0 0 0 0.192 0.153 0 0 0 4.608 35 424
330 0 0 0 0 0 0 0 0 0 0 0 4.34 0 0 0 0 0.62 0 0 0 0.62 0 0 0 3.1 0 0 0 0 0.62 0 0 0 0 0 0.62 0 0 0.62 0 0 0 0 0 0.62 0 0 0 0 0.166 0 0.333 0 0 4.255 34 200
331 0 0 0 0 0 0 0 0 0 0 0 0 0 0 0 0 0 0 4.34 0 0 0 0 0 0 0 0 0 0 0 0 0 0 0 0 0 0 0 0 0 0 0 0 0 0 0 0 0 0 0 0 0 0 0 1.333 3 12
332 0 0 0 0 0 0 0 0 0 0 0 0 0 0 0 0 0 0 0 0 0 0 0 0 7.69 2.56 0 0 0 0 0 0 0 0 0 0 0 0 0 0 0 0 0 0 0 0 0 0 0 0 0 0 0 0 2 6 24
333 0.87 0 0.87 0 0 0 0 0 0 0 0 0 0 0 0 0 0 0 1.75 0 0 0 0 0 0 0 0 0 0 0 0 0 0 0 0 0 0 0 0 0 0 0 0 0 0 0 0 0 0 0.493 0 0 0 0 1.344 4 39
334 0 0 2.04 0 2.04 0 0 0 0 0 0 0 0 0 0 0 0 0 2.04 0 0 0 0 0 0 0 0 0 0 0 0 0 0 0 0 0 0 0 0 0 0 4.08 0 0 0 0 0 0 0 0.722 0 0 0 0 1.1 2 11
335 0 0 0 0 0 0 0 0 0 2.5 0 5 0 0 0 0 0 0 0 0 0 0 0 0 0 0 0 0 0 0 0 0 0 0 0 0 0 0 0 0 0 0 0 0 0 0 0 0 0 0 0 0.436 0 0 1.7 8 17
336 0 0 0 0 0 0 0 0 0 0 0 0 0 0 0 0 0 0 0 0 0 0 0 0 9.3 0 0 0 0 0 0 0 0 0 0 0 0 0 0 0 0 0 0 0 0 0 0 0 0 0 0 0 0 0 3.222 9 29
337 0 0 0 0 0 0 0 0 0 0 0 0 0 0 0 0 0 0 8.33 0 0 0 0 0 0 0 0 0 0 0 0 0 0 0 0 0 0 0 0 0 0 0 0 0 16.66 0 0 0 0 0 0 0.925 0 0 1.833 6 11
338 0 0 0.47 0 1.91 0 0 0 0 0 0 1.91 0 0 0 0.47 0 0 0 0 0 0 0 0 0 0 0 0 0 0 0 0 0 0 0 0 0 0 0 0 0 1.43 0 0 0.95 0 0 0 0 0 0 0 0 0 1.233 4 37
339 0 0 0.08 0 0 0.25 0 0.25 0.08 0 0 1.17 0.08 0.25 0 0 0.42 0 0 0 0 0 0 0 3.11 0 0 0 0 0 0 0 0.16 0 0 0.25 0.25 0 0 0 0 0 0 0 0 0 0 0 0.034 0.08 0 0 0 0 2.023 27 694
340 0 0 0 0 0 0 0 0 0 0 0 1.58 0 0 0 0 0 0 0 0 0 0 0 0 0 0 0 0 0 0 0 0 4.76 0 0 0 0 0 0 0 0 0 0 6.34 0 0 0 0 0 0 0 0 0 0 1.259 3 34
341 0 0 0 0 0 0 0 0 0 0 0 0 0 0 0 0 0 0 8.1 0 0 0 0 0 0 0 0 0 0 0 0 0 0 0 0 0 0 0 0 0 0 0 0 0 2.7 0 0 0 0 0 0 0 0 0 1 1 5
342 0 0 0 0 0 0 0 0 0 0 0 0 0 0 0 0 0 0 0.99 0 0.99 0 0 0 0 0 1.98 0 0 0 0 0 0 0 0 0 0.99 0 0 0 0 0 0 0.99 0.99 0 0 0 0 0 0 0 0 0 1.478 5 34
343 0 0 0 0 0 0 0 0.39 0 0 0 0.39 0 0 0 0 0 0 0 0 0 0 0 0 0.39 0 0 0 0.39 0.39 0 0 0.39 0 0 0.39 0.39 0 0 0 0 0 0 0 0 0 0 0 0 0.049 0 0 0 0 2 38 124
344 0 0 0 0 0 0 0 0 0 0 0 0 0 0 0 0 0 0 0 0 0 0 0 0 0 0 0 0 0 0 0 0 0 0 0 0 0 0 0 0 0 0 0 0 0 0 0 0 0 0 0 0 0 0 1 1 5
345 0 0 0 0 0 0 0 0 0 0 0 0 0 0 0 0 0 0 0 0 0 0 0 0 2.17 0 0 0 0 0 0 0 0 0 2.17 0 0 0 0 0 0 0 0 0 0 0 0 0 0 0.682 0 0 0 0 4.208 15 101
346 0.05 0 0.1 0 0.16 0.05 0 0 0.48 0 0 0.16 0 0 0 0 0 0.05 0.21 0 0.16 0 0 0 0.64 0.69 0.05 0 0 0 0 0 0.26 0 0 0.16 0.75 0 0 0 0 0 0 0 0.05 0 0 0 0.172 0.195 0.062 0 0.015 0 2.758 47 1073
347 0 0 0 0 0 0 0 0 0 0.84 0 0 0 0 0 0 0.84 0 1.68 0 0 0 0 0 0 0 0 0 0 0 0 0 0 0 0 0 0.84 0 0.84 0 0 0 0.84 0 0.84 0.84 0 0 0 0 0.137 0.413 0 0.137 3.052 13 116
348 0 0 0 0 0 0 0 0 0 0 0 0 0 0 0 0 0 0 2.32 0 1.16 0 0 0 0 0 0 1.16 0 2.32 0 0 0 0 0 0 0 0 0 0 0 0 0 0 0 0 0 0 0 0.408 0 0 0 0 2.125 17 51
349 0 0 0 0 0 0 0 0 0 0 0 0 0 0 0 0 0 0 4.34 0 0 0 0 0 0 0 0 4.34 0 0 0 0 0 0 0 0 0 0 0 0 0 0 0 0 0 0 0 0 0 0.735 0 0.735 0 0 2.571 10 18
350 0 0 0 0 0 0 0 0 0 0 0 0 0 0 0 0 0 0 0 0 0 0 0 0 0 0 0 0 0 0 0 0 0 0 0 0 0 0 0 0 0 0 0 0 0 0 0 0 0 0 0 0 0 0 2.25 6 9
351 0 0 0 0 0 0 0 0 0 0 0 1.29 0 0 0 0 0 0 0 0 0 0 0 0 0 0 0 0 0 0 0 0 0 0 0 0 0.64 0 0 0 0 0 0 0 0 0 0 0 0 0 0 0 0 0 2.275 8 91
352 0 0 0 0 0 0 0 0 0 0.87 0 2.63 0 0 0 0 0 0 0.87 0 0 0 0 0 0.87 0.87 0 1.75 0 0 0 0 0 0 0 0.87 0 0 0 0 0 0 0 0 0 0 0 0 0 0.308 0 0 0 0 3.029 11 103
353 0 0 0 0 1.05 0 0 0 0 0 0 0 0 0 0 0 0 0 0 0 0 0 0 0 0 0 0 0 0 0 0 0 1.58 0 0 0 0 0 0 0 0 0 0 0 0 0 0 0 0 0.072 0 0 0 0 1.486 10 55
354 0 2.5 0 0 0 0 0 0 0 0 0 0 0 0 0 0 0 0 5 0 2.5 0 0 0 0 0 0 0 0 0 0 0 0 0 0 0 0 0 0 0 0 0 0 0 2.5 0 0 0 0 0 0 0 0 0 1.142 2 8
355 0 0 0 0 0 0 0 0 0 0 0.71 0 0 0 0 0.71 0 0 5 0 0 0 0 0 0 0 1.42 0 0 0 0 0 0 0 0 0 0.71 0 0 0 0 0.71 0 0 0.71 0 0 0 0 0.121 0 0 0 0 1.387 5 43
356 0 0 0 0 0 0 0 0 0 0 0 0 0 0 0 0 0 0 0 0 0 0 0 0 0 0 0 0 0 0 0 0 0 0 0 0 0 0 0 0 0 0 0 0 7.14 0 0 0 0 0 0 0 0 0 1.428 4 10
357 0.24 0 0.12 0 0 0 0 0.36 0 0.12 0 1.09 0.12 0 0 0 0.6 0 0 0 0 0 0.12 0.12 3.63 0 0 0 0 0 0 0 0 0 0 0.12 0.12 0 0 0 0 0 0 0 0 0 0 0 0.016 0.05 0 0 0.016 0 2.309 25 425
358 0 0 0 0 0 0.76 0 0 0 0 0 0.76 0 0.76 0 0 0 0 1.53 0 0.76 0 0 0 0 0 0.76 0 0 0 0 0 0.76 0 0 0 0 0 0 0 0 0.76 0 0 0 0 0 0 0.133 0.133 0 0 0 0 1.269 4 33
359 0 0 0 0 0 0 0 0 0 0 0 0 0.48 0 0 0 0 0 0 0 0 0 0 0 2.18 0 0 0 0 0 0 0 0 0 0 0 0.24 0 0 0 0 0 0 0 0.24 0 0 0 0.067 0.067 0 0 0 0 1.98 59 204
360 0 0 0 0 0 0 0 0 0 3.33 0 3.33 0 0 0 0 0 0 3.33 0 0 0 0 0 0 0 0 0 0 0 0 0 0 0 0 0 0 0 0 0 0 0 0 0 0 0 0 0 0 0 0 1.156 0 0 2.333 10 21
361 0 0 0 0 0 0 0 0 0 0 0 0 0 0 0 0 0 0 0 0 0 0 0 0 0 0 11.11 0 0 0 0 0 0 0 0 0 0 0 0 0 0 11.11 0 0 0 0 0 0 0 0 0 0 0 0 1 1 6
362 0 0 0 0 0 0 0 0 0 0 0 0.81 1.62 0 0 0 0 0 1.62 0 0 0 0 0 0 0 0.81 0 0 0 0 0 0 0 0 0 0 0 0 0 0 0 0 0 0.81 0 0 0 0 0 0 0 0 0 1.125 3 18
363 0.84 0 0.84 0 0 0 0 0 0 0 0 0 0 0 0 0 0 0 1.69 0 0 0 0 0 0 0 0 0 0 0 0 0 0 0 0 0 1.69 0 1.69 0 0 0 1.69 0 0.84 0 0 0 0 0.136 0 0 0 0 1.619 12 68
364 0.06 0.03 0.46 0 0.13 0.06 0 0.03 0.03 0.16 0.19 0.59 0.06 0.03 0 0.19 0 0 1.23 0.19 1.06 0 0 0 1.53 0.23 0 0.06 0 0.06 0.36 0 0 0 0.13 0.09 0.13 0.16 0.19 0 0 0 0 0.06 0.03 0 0 0.13 0.024 0.231 0 0.019 0.009 0.004 1.885 25 1738
365 0 0 0.5 0 0 0 0 0 0 0 0 0 0 0 0 0.5 0 0 2.02 0 0 0 0 0 0 0 0 0 0 0 0 0 0 0 0 0 1.01 0 0 0 1.01 0 1.01 0 0 1.01 0 0 0.271 0.09 0.181 0.181 0 0 2 12 122
366 0 0 0 0 0 0 0 0 0 0 0 0 0 0 0 0 0 0 9.09 0 0 0 0 0 0 0 0 0 0 0 0 0 0 0 0 0 0 0 0 0 0 0 0 0 0 0 0 0 0 0 0 0 0 0 1 1 2
367 0 0 0 0 0 0 0 0 0 0 0 0 0 0 0 0 0 0 0 0 0 0 0 0 0 0 4.34 0 0 0 0 0 0 0 0 0 0 0 0 0 0 0 0 0 0 0 0 0 0 0 0 0 0 0 1 1 6
368 0.1 0.1 0.1 0 0.21 0.1 0 0 0.1 0.31 0 0.84 0.21 0 0 0.1 0 0.21 1.78 0 0.63 0 0 0.1 0 0 0 0 0 0 0 0 0 0 0 0 0 0 0 0 0 0 0 0 0 0.21 0 0 0.035 0.177 0.035 0.07 0.053 0 1.744 29 417
369 0 0 0 0 0 0 0 0 0 2.17 0 0 0 0 0 0 0 0 0 0 0 0 0 0 13.04 0 0 0 0 4.34 0 0 0 0 0 0 0 0 0 0 0 0 0 0 0 0 0 0 0 0 0 0 0 6.896 2.142 8 60
370 0 0 0 0 1.56 0 0 0 0 0 0 0 0 0 0 0 0 0 3.12 0 0 0 0 0 3.12 1.56 1.56 1.56 1.56 1.56 1.56 1.56 0 1.56 1.56 1.56 0 0 0 1.56 0 0 0 1.56 0 0 0 0 0 0.53 0 0 0 0 2.533 11 38
371 0.86 0 0 0 0 0 0 0 0 0 0 2.6 0 0 0 0 0 0 2.6 0 0 0 0 1.73 0 0 0.86 0 0 0 0 0 0 0 0 0 0 0 0 0 0 0 0 0.86 0 0 0 0.86 0.561 0.14 0 0 0 0 1.352 6 23
372 0 0 0 0 5.55 0 0 0 0 0 0 5.55 0 0 0 0 0 0 0 0 0 0 0 0 0 0 0 0 11.11 0 0 0 0 0 0 0 0 0 0 0 0 11.11 0 0 0 0 0 0 0 0 0 0 0 0 1.222 3 11
373 0 0 1.96 0 0 0 0 0 0 0 0 0 0 1.96 0 0 0 0 1.96 0 1.96 0 0 0 0 0 0 0 1.96 0 0 0 0 0 0 0 0 0 0 0 0 0 0 0 0 0 0 0 0 0 0 0 0 0 2.142 11 30
374 0 0 0 0 0 0 0 0 0 0 0 0.76 0 0 0 0 0 0 0.76 0 1.53 0 0 0 10.76 0 0 0 0 0 0 0 0 0 0 0 0.76 0 0 0 0 0 0.76 0 0 0 0 0 0.377 0 0.094 0 0 0 4.807 31 274
375 0.27 0 0 0.55 0.13 0 0 0 0.13 0 0 1.1 0.55 0 0 0 0 0 0.13 0 0 0 0 0 0.13 0.13 0 0 0 0 0 0 0 0 0 0.13 0.27 0 0 0 0 0 0 0.27 0 0 0 0.13 0 0.04 0 0 0 0 2.496 16 322
376 0.05 0 0.15 0 0.1 0 0 0 0.52 0 0 0.15 0 0 0 0 0.1 0 0.21 0 0.1 0 0 0 0.47 0.52 0.05 0 0 0 0 0 0.15 0 0 0.05 0.36 0 0 0 0 0 0 0.1 0 0 0 0.05 0.164 0.171 0.068 0 0.013 0 3.591 35 1329
377 0 0 0 0 0 0.63 0 0 0 0 0 0 0 0 0 0 0 0 0.63 0 0 0 0 0 3.16 0 0 0 0 0 0 0 0 0 0.63 0 0 0 0 0 0 0 0 0.63 0 0 0 0 0 0 0 0 0 0 1.56 9 64
378 0 0 0.36 0 0 0.09 0 0.09 0 0 0.09 0.36 0.09 0 0 0 0.27 0 0 0 0 0 0.09 0 3.2 0 0 0 0 0 0 0 0.27 0 0 0 0 0 0 0 0 0 0.09 0 0 0 0 0 0.1 0.176 0 0 0.125 0 2.356 21 641
379 0.3 0 0 0 0 0 0 0 0 0 0 0.3 0 0 0 0 0 0 0 0 0 0 0 0 1.81 2.11 0 0 0 0 0 0 0.3 0 0 0.3 1.51 0 0 0 2.11 0 0 0 0 2.11 0 0 0.358 0.666 0.256 0 0 0 3.923 18 408
380 0 0 0 0 0 0 0 0 0 0 0 0 0 0 0 0 0 0 0 0 0 0 0 0 0 0 1.36 0 0 0 0 0 3.4 0 0 0 0 0 0 0 0 0 0 0 0 0 0 0 0 0 0 0 0 0 1.526 7 87
381 0 0 0 0 0 0 0 0 0 0 0 0 0 3.84 0 0 0 0 0 0 0 0 0 0 0 0 0 0 0 0 0 0 0 0 0 0 0 0 0 0 0 0 0 0 3.84 0 0 0 0 0.719 0 0 0 0 1.571 3 11
382 0 4.1 0 0 1.36 0 0 0 0 0 0 0 0 0 0 0 0 1.36 6.84 0 1.36 0 0 0 0 0 2.73 0 0 0 0 0 0 0 0 0 0 0 0 0 0 0 0 0 1.36 0 0 0 0 0.21 0 0.42 0 0 1.387 7 43
383 0 0 0 0 0 0.37 0 0 0 0 0 0.75 0.37 0 0 0 0.37 0 0 0 0 0 0 0 2.26 0 0 0 0 0 0 0 0 0 0 0 0.37 0 0 0 0 0 0 0 0 0 0 0 0 0.387 0 0 0.331 0 2.287 14 167
384 0 1.1 0 0 0.55 0 0 0 0 1.1 0 0 0 0 0 0 0 0.55 0 0 1.1 0 0 0 0.55 0.55 2.2 0 0 0 0 0.55 0 0.55 0 0 1.65 0 0.55 0 0 0 1.1 0 0.55 0 0 0 0.088 0.355 0.088 0.177 0 0 1.867 22 127
385 0 14.28 0 0 0 0 0 0 0 0 0 0 0 0 0 0 0 0 0 0 0 0 0 0 0 0 0 0 0 0 0 0 0 0 0 0 0 0 0 0 0 0 0 0 0 0 0 0 0 0 0 0 0 0 1.8 5 9
386 1.02 0 0 0 0 0 0 0 0 1.02 0 0 0 0 0 0 0 0 0 0 0 0 0 0 1.02 1.02 0 2.04 0 0 0 0 0 0 0 1.02 0 0 0 0 0 0 0 0 0 0 0 0 0 0.531 0 0 0 0 2.967 11 92
387 0 3.27 0 0 1.63 0 0 0 0 0 0 0 0 0 0 0 0 0 0 0 3.27 0 0 0 0 0 1.63 0 0 0 0 1.63 0 1.63 0 0 0 0 0 0 0 0 0 0 0 0 0 0 0 0.527 0 0.263 0 0 2.12 22 53
388 0 14.28 0 0 0 0 0 0 0 0 0 0 0 0 0 0 0 0 0 0 0 0 0 0 0 0 0 0 0 0 0 0 0 0 0 0 0 0 0 0 0 0 0 0 0 0 0 0 0 0 0 0 0 0 1.8 5 9
389 0 1.85 0 0 0 0 0 0 0 0 0 0 0 0 0 0 0 1.85 0 0 0 0 0 0 0 0 0 0 0 0 0 0 0 0 0 0 0 0 0 0 0 0 0 0 1.85 0 0 0 0 0 0 0 0 0 1.736 8 33
390 0 14.28 0 0 0 0 0 0 0 0 0 0 0 0 0 0 0 0 0 0 0 0 0 0 0 0 0 0 0 0 0 0 0 0 0 0 0 0 0 0 0 0 0 0 0 0 0 0 0 0 0 0 0 0 1.8 5 9
391 0 14.28 0 0 0 0 0 0 0 0 0 0 0 0 0 0 0 0 0 0 0 0 0 0 0 0 0 0 0 0 0 0 0 0 0 0 0 0 0 0 0 0 0 0 0 0 0 0 0 0 0 0 0 0 1.8 5 9
392 0 14.28 0 0 0 0 0 0 0 0 0 0 0 0 0 0 0 0 0 0 0 0 0 0 0 0 0 0 0 0 0 0 0 0 0 0 0 0 0 0 0 0 0 0 0 0 0 0 0 0 0 0 0 0 1.8 5 9
393 0 14.28 0 0 0 0 0 0 0 0 0 0 0 0 0 0 0 0 0 0 0 0 0 0 0 0 0 0 0 0 0 0 0 0 0 0 0 0 0 0 0 0 0 0 0 0 0 0 0 0 0 0 0 0 1.8 5 9
394 0 0 0 0 0 0 0 0 0 0 0 0 0 0 0 0 0 0 0 0 0 0 0 0 0 0 7.69 0 0 0 0 0 0 0 0 0 0 0 0 0 0 0 0 0 0 0 0 0 0 0 0 0 0 0 1 1 7
395 0.38 0 0.64 0 0.12 0.25 0 0 0 0 0 0.25 0 0 0 0 0.25 0.12 1.03 0 0.38 0 0 0 0.9 0.38 0.25 0.25 0.64 0.25 0 0 0 0 0.12 0.51 0 0 0 0 0 0.12 0 0.25 0 0 0 0.25 0 0.082 0 0.02 0 0 1.491 11 267
396 0 0 0 0 0 0 0 0 0 0 0 0 0 0 0 0 0 0 0 0 0 0 0 0 0 0 16.66 0 0 0 0 0 0 0 0 0 0 0 0 0 0 0 0 0 0 0 0 0 0 0 0 0 0 0 1 1 6
397 0 0 0 0 0 0 0 0 0 0 0 0 0 0 0 0 0 0 0 0 0 0 0 0 0 0 14.28 0 0 0 0 0 0 0 0 0 0 0 0 0 0 0 0 0 0 0 0 0 0 1.754 0 0 0 0 1 1 7
398 0 0 0 0 0 0 0 0 0 0 0 0 0 0 0 0 0 0 0 0 0 0 0 0 0 0 0 0 0 0 0 0 0 0 0 0 0 0 0 0 0 0 0 0 0 0 2.12 0 0.289 0 0 0.289 0 0 1.076 2 14
399 0 0 0 0 0 0 0 0 0 0 0 0 0 0 0 0 0 0 0 0 0 0 0 0 0 0 0 0 0 0 0 0 0 0 0 0 0 0 0 0 0 0 0 0 0 0 0 0 0 0 0 0 0 0 1 1 5
400 0 0 0 0 0 0 0 0 0 0 0 0 0 0 0 0 0 0 0 0 0 0 0 0 0 0 0 0 0 0 0 0 0 0 0 0 0 0 0 0 0 0 0 0 0 0 0 0 0 0 0 0 0 0 1 1 2
401 0.04 0.08 0.24 0 0.04 0.16 0 0.04 0.16 0.52 0.08 1.04 0 0 0 0.24 0.04 0 0.68 0 0.88 0 0.04 0 1.76 0.6 0 0.16 0 0 0.16 0 0 0 0.36 0 0.24 0.04 0 0 0 0.04 0 0 0.04 0 0 0 0.029 0.142 0 0.071 0.071 0.011 1.983 23 1361
402 0 0 0 0 0 0 0 0 0 0 0 0 0 0 0 0 0 0 5.55 0 0 0 0 0 0 0 0 0 0 0 0 0 0 0 0 0 0 0 0 0 0 0 0 0 0 0 0 0 0 0 0 0 0 0 1 1 7
403 0 0 0.73 0 0 0 0 0.73 0 0 0 1.47 0 0 0 0 0 0 0 0 0 0 0 0 2.94 4.41 0 0 0 0 0 0 0 0 0 0 0 0 0 0 0 0 0 0 0 0 0.73 0 0 0.107 0 0 0 0 1.695 9 78
404 0 0 0 0 0.8 0 0 0 0 0 0 0 0 0 0 0 0 0 0 0 1.61 0 0 0 0 0 0 0 0 0 0 0 1.61 0 0 0 0 0.8 0 0 0 0.8 0 0 0 0 0 0 0 0 0 0 0 0 1.35 3 54
405 0.97 0 0 0 0 0 0 0 0 0 0 0 0 0 0 0 0 0 0 0 0 0 0.97 0 0 0 0 0 0 0 0 0 0 0 0 0 0.97 0 0 0 0 0 0 0 0.97 0 0 0 0 0.76 0 0 0 0 2 5 38
406 0.34 1.36 0 0 0 0 0 0 0.34 1.7 0 0 0 0 0 0 0 0 1.7 0 0.34 0 0 0 1.36 0.68 1.02 0.34 0.34 0.34 0.34 0.34 0 0.34 0.34 0.34 0.34 0 0.34 0.34 0 0 0.34 0 0.34 0 0 0 0 0.244 0 0 0 0 1.696 13 112
407 0 0.46 0 0 0 0 0 0 0 0 0 0.46 0 0 0 0 0 0 1.38 0 1.85 0 0 0 2.31 0.46 0 0 0 0.46 0 0 0 0 0 0 0.46 0 0.46 0 0 1.38 0 0 0 0 0 0 0 0.155 0 0 0 0 2.982 28 167
408 0 0 0 0 0 0 0 0 0 0 0 0.91 0 0 0 0 0 0.22 0 0 0 0 0 0 0.22 0.22 0 0.45 0 0 0 0 0 0 0.22 0 0 0 0 0 0 0 0 0.22 0 0 0 0.22 0 0.154 0 0 0 0 1.768 15 122
409 0 0 0 0 0 0 0 0 0 0 0 3.84 0 0 0 0 0 0 0 0 0 0 0 0 0 0 0 0 0 0 0 0 0 0 0 0 0 0 0 0 0 0 0 0 0 0 0 0 0 0.709 0 0.709 0 0 2.3 9 23
410 0 0 0 0 0 0 0 0 0 0 0 0.44 0 0 0 0 0 0 0.88 0 0.88 0 0 0 1.32 0.88 0.88 0.88 0.44 0.44 0.44 0.44 0 0.44 0.88 0.44 0 0 0 0.44 0 0 0 0 0.44 0 0 0 0 0.207 0 0 0 0.207 2.588 40 132
411 0.05 0 0.05 0 0.05 0.05 0 0 0.5 0 0 0.16 0 0.05 0 0 0 0.05 0.22 0 0.16 0 0 0 0.62 0.67 0.05 0 0 0 0 0 0.45 0 0 0 0.67 0 0 0 0 0 0 0 0 0 0 0 0.185 0.233 0 0 0.016 0 2.972 46 963
412 0 0 1.06 0 0 0 0 0 0 0 0 1.06 0 0 0 0 0 1.06 0 0 0 0 0 0 2.12 1.06 0 1.06 0 1.06 1.06 0 1.06 0 1.06 1.06 0 0 0 0 0 0 0 0 0 0 0 0 0 0.121 0 0 0 0 2.151 10 71
413 0 0 0 0 0 0 0 0 0 0 0 0 0 0 0 0 0 0 0 0 0 0 0 0 6.06 3.03 3.03 3.03 3.03 3.03 3.03 3.03 0 3.03 3.03 3.03 0 0 0 3.03 0 0 0 0 0 0 0 0 0 0.9 0 0 0 0 2.75 11 33
414 0 0 0 0 0 0 0 0 0 0 0 0 0 0 0 0 0 0 0 0 0 0 0 0 0 0 0 0 0 0 0 0 0 0 0 0 0 0 0 0 0 0 0 0 0 0 0 0 0 0 0 0 0 0 1.4 3 7
415 0 0 0 0 0 0 0 0 0 0 0 0 0.97 0 0 0 0 0 0 0 0 0 0 0 6.79 3.88 0.97 0.97 0.97 0.97 0.97 0.97 0 0.97 0.97 0.97 0.97 0 0 0.97 0 0 0.97 0 1.94 0 0 0 0 0.299 0.149 0 0 0 2.666 13 72
416 0 0 0 0 0 0 0 0 0 0 0 0 0 0 0 0 0 0 0 0 0.24 0 0 0 1.93 1.69 0.72 0.24 0.24 0.24 0.24 0.24 0.24 0.24 0.24 0.24 0.24 0 0 0.24 0 0 0.24 0 0.24 0.48 0 0 0 0.148 0.074 0 0 0 2.386 12 210
417 0 0 0 0 0 0 0 0 0 4.54 0 4.54 0 0 0 0 0 0 0 0 0 0 0 0 0 0 0 1.51 0 0 0 0 0 0 1.51 0 0 0 0 0 0 0 0 0 0 0 0 0 0 0.286 0 0 0 0 2.277 12 41
418 0 0 0 0 0 0 0 0 0 0 0 0 0 0 0 0 0 0 0 0 0 0 0 0 0 0 0 0 0 0 0 0 0 0 0 0 0 0 0 0 0 0 0 0 0 0 0 0 0 0 0 0 0 0 2.09 7 23
419 0 0 0 0 0 0 0 0 0 0 0 0 0 0 0 0 0 0 4.16 0 0 0 0 0 4.16 0 4.16 0 0 0 0 0 0 0 0 0 0 0 0 0 0 0 0 0 0 0 0 0 0 0 0.751 0 0 0 1.428 4 10
420 0 0 0 0 0 0 0 0 0 0 0 0 0 0 0 0 0.86 0 0 0 0.86 0 0 0 0.86 0 0 0 0 0 0 0 0 0 0 0 0 0 0 0 0 0 0 0 0 0 0 0 0 0 0 0 0 0 1.944 8 35
421 0 0 0 0 0 0 0 0 0 0 0 0 0 0 0 0 0 0 3.09 0 0 0 0 0 1.03 1.03 2.06 0 0 0 0 0 1.03 0 0 0 0 0 0 0 0 0 0 3.09 0 0 0 0 0 0 0 0.193 0 0 1 1 23
422 0.11 0 0.11 0 0 0 0 0 1.15 0 0 0.34 0 0 0 0 0 0 0.46 0 0.23 0 0 0 0.57 0.69 0.11 0 0 0 0 0 0.34 0 0 0.11 0 0 0 0 0 0 0 0 0 0 0 0 0.047 0.159 0.031 0 0.031 0 3.196 32 505
423 0 0 1.16 0 0 0 0 0 0 0 0.58 4.09 0 0 0 0 0 0 0 0 0 0 0 0 1.16 0 0 0 0 0 0 0 0 0 0 0.58 0 0 1.16 0 0 0 0 0 0 0 0 0 0.091 0 0 0 0 0 1.21 4 46
424 0 0.13 0.52 0 0 0.13 0 0.79 0 0 0 0.13 0 0 0 0.13 0 0 0.26 0 0.39 0 0 0 0 0 0 0 0 0 0 0 0 0 0 0 0 0 0 0 0 0.13 0 0 0 0 0 0 0.02 0.061 0 0.04 0.04 0 1.823 26 372
425 0 0 0 0 0 0 0 0 0 0 0 0 0 0 0 0 0 0 0 0 0 0 0 0 0 0 0 0 0 0 0 0 0 0 0 0 0 0 0 0 0 0 0 0 3.33 0 0 0 0 0.628 0 0 0 0 1.5 5 15
426 1.75 0 0 0 0 0 0 0 0 0 0 0 0 0 0 0 0 0 1.75 0 1.75 0 0 0 0 0 0 0 0 0 0 0 0 0 0 0 0 0 0 0 0 0 0 0 1.75 0 0 0 0 0.317 0 0 0 0 1.125 2 9
427 0 0 0 0 0 0 0 0 0 0 0 0 0 0 0 0 0 0 0 0 0 0 0 0 0 0 0 0 0 0 0 0 0 0 0 0 0 0 0 0 0 0 0 0 0 0 0 0 0 0 0 0 0 0 1.166 2 7
428 0 0 0 0 0 0 0 0 0 0 0 0 0 0 0 0 0 0 0 0 0 0 0 0 5.12 2.56 2.56 2.56 2.56 2.56 2.56 2.56 0 2.56 2.56 2.56 0 0 0 2.56 0 0 0 0 0 0 0 0 0 0.881 0 0 0 0 2.5 11 40
429 0 0 0 0 0 0 0 0 0 0 0 3.72 0 0 0 0 0 0 3.1 0 0 0 0 0 0.62 0 0 0 1.24 0 0 0 0 0 0 0 0 0 0 0 0 1.24 0 0 0 0 0 0 0 0.11 0 0 0 0 1.47 8 50
430 0 0 0 0 0 0 0 0 0 0 0 0.9 0 0 0 0 0 0.9 0.9 0 0 0 0 0 0.9 0.9 0 0 0.9 0 0.9 0 0.9 0 0 0.9 0 0 0 0 0 0.9 0 0 0 0 0 0 0 0.471 0 0 0 0 1.424 8 47
431 0 0 0 0 0 0 0 0 0 0 0 0.46 0.46 0 0 0 0 0 1.38 0 0.46 0 0 0 0.46 0 0 0 0 0 0 0 0 0 0 0 0.92 0 1.38 0 0.92 0.46 1.38 0 1.38 0.92 0 0 0.149 0.074 0.149 0 0 0 1.76 12 132
432 0.75 0 0 0 0 0 0.37 0 0 0.37 0 0 0 0 0 0 0.75 0 3.75 0 3.38 0 0 0 0.37 0 0 0 0 0 0 0 0 0 0 0 0 0 0 0 0 0 0 0 0 0 0 0 0 0.099 0.597 0 0 0 2.125 13 85
433 0.06 0 0.4 0 0.13 0.13 0 0.13 0 0 0 1.4 0.2 0.06 0 0 0.2 0 0.06 0 0 0 0 0 2.54 0 0 0 0 0 0 0 0 0 0 0.06 0.06 0 0 0 0 0 0 0 0.06 0 0 0 0.028 0.085 0 0 0 0 2.341 22 665
434 0 0 0 0 0 0 0 0 0 0 0 0 0 0 0 0 0 0 0 0 0 0 0 0 0 0 0 0 0 0 0 0 0 0 0 0 0 0 0 0 0 0 0 0 0 0 0 10 0 0 0 0 0 0 1.4 3 7
435 3.03 0 0 0 0 0 0 0 0 0 0 0 0 0 0 0 0 0 3.03 0 0 0 0 0 0 0 3.03 0 0 0 0 0 0 0 0 0 0 0 3.03 0 0 0 0 0 3.03 0 0 0 0 0.609 0 0 0 0 1.181 3 13
436 0 0 0 0 0 0 0 0 0 0 0 4.65 0 2.32 0 0 0 0 0 0 0 0 0 0 0 0 0 0 0 0 0 0 0 0 0 0 0 0 0 0 0 0 0 0 0 0 0 0 0 0 0 0.448 0 0 2 4 28
437 0 0 0 0 0 0 0 0 0 0 0 0 0 0 0 0 0 0 0 0 0 0 0 0 0 0 0 0 0 0 0 0 5.33 0 0 0.21 0 0 0 0 0 0 0 0 0 0 0 0 0.03 0.06 0 0 0 0 2.481 76 201
438 0 0 0 0 0 0 0 0 0 0 0 0 0 0 0 0 0 0 0 0 0 0 0 0 0 0 0.28 0 0 0 0 0 0 0 0 0 0 0 0 0 0 0 0 0 0 0 0 0 0 1.343 0 0 0 0 4.226 8 317
439 0 0 0 0 0 0.24 0 0 0 0 0 0.72 0 0 0 0 0 0 0.24 0 0 0 0 0 2.65 1.2 0 0 0 0 0 0 0.24 0 0 0 0.96 0 0 0 0 0 0 0 0 0.48 0 0.24 0.067 0.371 0.067 0 0 0 3.322 44 319
440 0 0.23 0 0 0.47 0 0.23 0 0 0 0.23 0 0 0 0 0 0 0.23 0.23 0 0.23 0 0 0 0 0 0 0 0 0 0 0 0 0 0 0 0 0 0.23 0 0 0 0 0 0 0.23 0 0 0 0.298 0 0.149 0 0 1.533 18 184
441 0.09 0.09 0.28 0 0.28 0 0 0.28 0 0 0 0.09 0.18 0 0 0 0.18 0.28 1.22 0 0.37 0 0.09 0 0 0 0 0 0 0 0 0 0 0 0 0.09 0.28 0 0 0.09 0 0 0 0.28 0.37 0.09 0 0 0.014 0.084 0 0.042 0 0.042 1.877 18 552
442 0 0 0 0 0 0 0 0 0 0 0 0 0 0 0 0 0 0 0 0 2.35 0 0 0 1.17 1.17 2.35 0 0 0 0 4.7 0 4.7 0 0 0 0 1.17 0 0 0 0 0 2.35 0 0 0 0.185 0.743 0 0 0 0 4.476 14 94
443 0.1 0 0.1 0 0 0 0 0 0.92 0 0 0.4 0 0 0 0 0.1 0 0.4 0 0.2 0 0 0 0.51 0.61 0.1 0 0 0 0 0 0.3 0 0 0 0.1 0 0 0 0 0 0 0.1 0 0 0 0 0.014 0.154 0.028 0 0.028 0 2.785 32 507
444 0 0 0 0 0 0.3 0 0 0 0 0.3 2.42 0 0 0 0.3 0 0.9 3.63 0 0.6 0 0 0 0 0 0 0 0 0 0 0 0 0 0 0 0 0 0 0 0 0 0 0 0 0 0 0 0 0 0 0.087 0 0 2.74 64 148
445 0 0 2.12 0 1.06 0 0 0 0 1.06 0 1.06 0 0 0 0 0 0 4.25 0 0 0 0 0 0 0 1.06 0 0 0 0 0 0 0 0 0 0 0 0 0 0 0 0 0 1.06 0 0 0 0 0 0 0 0 0 1.785 6 25
446 2 0 0 0 0 0 0 0 0 0 2 2 0 0 0 0 0 0 2 0 8 0 0 0 0 0 0 0 0 0 0 0 0 0 0 0 0 0 0 0 0 0 0 0 0 0 0 0 0 0 0 0 0 0 5.888 29 53
447 0 0 1.69 0 0 0 0 0 0 0 0 1.69 0 0 0 0 0 0 1.69 0 0 0 0 0 0 0 0 0 0 0 0 0 0 0 0 0 0 0 1.69 0 0 1.69 0 0 0 0 0 0 0 0 0 0 0 0 1 1 12
448 0 0 0 0 0 0 0 0 0 0 0 0 0 0 0 0 0 0 0 0 0 0 0 0 0 0 20 0 0 0 0 0 0 0 0 0 0 0 0 0 0 0 0 0 0 0 0 0 0 0 0 0 0 0 1 1 5
449 0 0 0 0 0 0 0 0 0 0 0 0 0 0 0 0 0 0 0 0 0 0 0 0 0 0 20 0 0 0 0 0 0 0 0 0 0 0 0 0 0 0 0 0 0 0 0 0 0 0 0 0 0 0 1 1 5
450 0 0 0 0 0 0 0 0 0 0 0 0 0 0 0 0 0 0 0 0 0 0 0 0 0 0 20 0 0 0 0 0 0 0 0 0 0 0 0 0 0 0 0 0 0 0 0 0 0 0 0 0 0 0 1 1 5
451 0 0 0 0 0 0 0 0 0 0 0 0 0 0 0 0 0 0 0 0 0 0 0 0 0 0 0 0 0 0 0 0 0 0 0 0 0 0 0 0 0 0 0 0 0 0 0 0 0 0 0 0 0 0 1 1 3
452 0 0 0 0 0 0 0 0 0 0 0 0 0 0 0 0 0 0 0 0 0 0 0 0 0 0 20 0 0 0 0 0 0 0 0 0 0 0 0 0 0 0 0 0 0 0 0 0 0 0 0 0 0 0 1 1 5
453 0 0 0 0 0 0 0 0 0 0 0 0 0 0 0 0 0 0 0 0 0 0 0 0 0 0 20 0 0 0 0 0 0 0 0 0 0 0 0 0 0 0 0 0 0 0 0 0 0 0 0 0 0 0 1 1 5
454 0 0 0 0 0 0 0 0 0 0 0 0 0 0 0 0 0 0 0 0 0 0 0 0 0 0 20 0 0 0 0 0 0 0 0 0 0 0 0 0 0 0 0 0 0 0 0 0 0 0 0 0 0 0 1 1 5
455 0 0 0 0 0 0 0 0 0 0 0 0 0 0 0 0 0 0 0 0 0 0 0 0 0 0 0 0 0 0 0 0 0 0 0 0 0 0 0 0 0 0 0 0 0 0 0 0 0 0 0 0 0 0 1 1 6
456 0 0 0 0 0 0 0 0 0 0 0 0 0 0 0 0 0 0 0 0 0 0 0 0 0 0 20 0 0 0 0 0 0 0 0 0 0 0 0 0 0 0 0 0 0 0 0 0 0 0 0 0 0 0 1 1 5
457 0 0 0 0 0 0 0 0 0 0 0 0 0 0 0 0 0 0 0 0 0 0 0 0 0 0 20 0 0 0 0 0 0 0 0 0 0 0 0 0 0 0 0 0 0 0 0 0 0 0 0 0 0 0 1 1 5
458 0 0 0 0 0 0 0 0 0 0 0 0 0 0 0 0 0 0 0 0 0 0 0 0 0 0 20 0 0 0 0 0 0 0 0 0 0 0 0 0 0 0 0 0 0 0 0 0 0 0 0 0 0 0 1 1 5
459 0 0 0 0 0 0 0 0 0 0 0 0 0 0 0 0 0 0 0 0 0 0 0 0 0 0 20 0 0 0 0 0 0 0 0 0 0 0 0 0 0 0 0 0 0 0 0 0 0 0 0 0 0 0 1 1 5
460 0 0 0 0 0 0 0 0 0 0 0 0 0 0 0 0 0 0 0 0 0 0 0 0 0 0 0 0 0 0 0 0 0 0 0 0 0 0 0 0 0 0 0 0 0 0 0 0 0 2.941 0 0 0 0 1 1 4
461 0 0 0 0 0 0 0 0 0 0 0 0 0 0 0 0 0 0 0 0 0 0 0 0 0 0 0 0 0 0 0 0 0 0 0 0 0 0 0 0 0 0 0 0 0 0 0 0 0 0 0 0 0 0 1 1 3
462 0 0 0 0 0.3 0 0 0 0 0 0 0.76 0 0 0 0 0 0 0.15 0 0 0 0 0 0.3 0.15 0 0 0.6 0 0 0 0 0 0 1.21 0.15 0 0 0 0 0 0 0 0 0.15 0 0 0 0.022 0 0 0 0 1.59 37 272
463 0 0 0 0 0 0 0 0 0 0 0 3.33 0 0 0 0 0 0 0 0 0 0 0 0 0 0 0 0 0 0 0 0 0 0 0 0 0 0 0 0 0 0 0 0 0 0 0 3.33 0 0 0 0.636 0 0 2 10 18
464 0.83 0 0.41 0 0 0 0 0 0 0 0.41 0.83 0 0 0 0 0 0 2.91 0 1.66 0 0 0 0.41 0.41 0 0 0 0 0 0 0 0 0 0 0.41 0 0 0 0 0 0.41 0 0 0 0 0 0 0 0 0.283 0 0 2.022 13 91
465 0 0 0.15 0 0.13 0.03 0 0.08 0 0.06 0.03 0.64 0.08 0.01 0 0.05 0.22 0.01 0.15 0.03 0.33 0 0 0 0 0 0.01 0 0.03 0.01 0 0 1.33 0 0 0.1 0.76 0 0.01 0.05 0.06 0.03 0 0.05 0 0.1 0 0.37 0.024 0.254 0.002 0.002 0.007 0 2.128 36 3467
466 0 0 0 0 0 0 0 0 0 0 0 0 0 0 0 0 0 0 11.11 0 0 0 0 0 0 0 0 0 0 0 0 0 0 0 0 0 0 0 0 0 0 0 0 0 0 0 0 0 0 0 0 0 0 0 1.25 2 5
467 0 0 0 0 0.68 0 0 0 0 0 0 0 0 0 0 0 0 0 0 0 0 0 0 0 0 0.34 0 0 0 0 0 0 1.37 0 0 0 0 0 0 0 0 0 0 0 0.34 0 0 0 0 0.143 0 0 0 0 1.784 18 141
468 0 0 0 0 0.43 0 0 0 0 0 0 0.43 0 0 0 0 0 0 2.19 0 0 0 0 0 0 0 0.43 0 0 0 0 0 0.87 0 0 0 0 0 0 0 0 0 0 0 0 0 0 0 0.079 0.158 0 0 0 0 1.115 2 29
469 0.25 0 0 0 0 0 0 0 0.25 0 0 0 0 0 0 0.25 0 0 0.25 0 0 0 0 0 2.06 1.03 0.25 0.25 0.25 0.25 0.25 0.25 2.83 0.25 0.25 0.25 0.25 0 0 0.25 0 0 0.25 0 0.25 0 0 0 0.301 0.473 0.043 0.043 0 0 2.111 17 190
470 0 0 0 0 0 0 0 0 0 0 0 2.22 0 0 0 0 0 0 0 0 0 0 0 0 0 0 2.22 0 0 0 0 0 0 0 0 0 0 0 0 0 0 0 0 0 2.22 0 0 0 0 0 0 0.374 0 0 1.375 5 22
471 0 0 0 0 0 0 0 0 0 0 0 0 0 0 0 0 0 0 0 0 0 0 0 0 0 0 0 0 0 0 0 0 0 0 0 0 0 0 0 0 0 1.69 0 0 0 0 0 1.69 0 0 0 0 0 0 1.629 7 44
472 0.07 0 0.07 0 0 0.07 0 0 0 0 0.15 1.07 0.15 0.07 0 0 0.53 0 0 0 0 0 0.22 0 1.83 0 0 0 0 0 0 0 0 0 0 0.22 0.07 0 0 0 0 0 0 0 0 0 0 0 0.127 0.174 0 0 0.023 0 2.182 24 659
473 0 0 0 0 3.44 0 0 0 0 0 0 3.44 0 0 0 0 0 0 0 0 0 0 0 0 0 0 0 0 0 0 0 0 0 0 0 0 0 0 0 0 0 0 0 0 0 0 0 0 0 0.574 0 0 0 0 1.714 4 12
474 0 0 0 0 2.04 0 0 0 0 0 0 1.02 1.02 0 0 1.02 0 0 1.02 0 0 0 0 0 0 0 0 0 0 0 0 0 0 0 0 0 0 0 1.02 0 0 0 0 0 0 0 0 0 0 0 0 0 0 0 1.642 4 23
475 0 0 0.36 0 0 0.73 0 0 0 0 0 1.46 0.36 0 0 0 0 0 0 0 0 0 0 0 0 0 0 0 0 0 0 0 0 0 0 0 0.36 0 0 0 0 0 0 0 0 0 0 0 0 0.049 0 0.049 0 0 1.919 54 167
476 0 0 0 0 0 0 0 0 0 0 0 0 0 0 0 0 0 0 0 0 3.03 0 0 0 0 0 3.03 0 0 0 0 0 0 0 0 0 0 0 0 0 0 0 0 0 3.03 0 0 0 0 0.507 0 0 0 0 1.133 3 17
477 0 0 0 0 0 0 0 0 0 0 0 0 0 0 0 0 0 0 0 0 0 0 0 0 0 0 0 0 0 0 0 0 0 0 0 0 0 0 0 0 0 0 0 0 0 0 0 0 0 0 0 0 0 0 1.5 3 6
478 0 0 0.1 0 0.2 0.1 0 0 0 0 0 2.04 0.2 0.1 0 0 0.81 0 0 0 0 0 0.2 0 2.75 0 0 0 0 0 0 0 0 0 0 0.3 0.3 0 0 0 0 0 0 0 0 0 0 0 0.03 0.091 0 0 0 0 2.161 27 575
479 0 0 0 0 0 0 0 0 0 0 0 0 0 0 0 0 0 0 4.34 0 0 0 0 0 0 0.86 2.6 0 0 0 0 0 0 0 0 0 0 0 0 0 0 0 0 0 0.86 0 0 0 0 0.295 0 0 0 0 3.26 42 75
480 0 0 0.52 0 1.04 0 0 0 0 0 0 1.04 0 0 0 0 0 0 0.52 0 0.52 0 0 0 1.83 1.57 0.52 0.26 0.26 0.26 0.26 0.26 1.3 0.26 0.26 0.26 0.26 0 0.26 0.26 0 0.78 0.26 0.26 0.78 0 0 0.52 0.136 0.182 0.091 0 0.045 0 1.823 13 155
481 0 0 0 0 0 0 0 0 0 0 0 1.4 0 0 0 0 0.7 0 1.4 0 1.4 0 0 0 0 0 0.7 0 0 0 0.7 0 0 0 0 0 0 0 0 2.11 0 0 0 0 0 0 0 0 0 0.267 0.066 0 0 0 17.904 200 376
482 0 0 0 0 0 0 0 0 0 0 0 0 0 0 0 0 0 0 0 0 0 0 0 0 4.65 2.32 2.32 2.32 2.32 2.32 2.32 2.32 0 2.32 2.32 2.32 0 0 0 2.32 0 0 0 0 0 2.32 0 0 0 0.692 0 0 0 0 3.312 11 53
483 0 0 0.6 0 0 0 0 3.04 0 0 0 0.6 0 0 0 0.6 0 0 0.6 0 1.21 0 0 0 1.21 1.82 0 0.6 0 0.6 0 0 0 0 0.6 0.6 1.21 0 1.21 0 0 0 0 0 0 0 0 0 0 0 0 0.077 0 0 3.277 33 177
484 0 0 0.47 0 0.95 0.47 0 0 0 0 0 0.47 0 0 0 0 0 0 0.95 0 0 0 0 0 0 0.47 0.47 0 0 0 0 0 0 0 0 0 0 0.95 0 0 0 0.47 0 0 0 0 0 0 0 0.073 0 0 0 0 1.884 8 98
485 0 0 0 0 0 0 0 0 0 0 0 0 0 0 0 0 0 0 0 0 0 0 0 0 4.65 2.32 2.32 2.32 2.32 2.32 2.32 2.32 0 2.32 2.32 2.32 0 0 0 2.32 0 0 0 0 0 0 0 0 0 0.757 0 0 0 0 2.5 11 50
486 0 0 0 0 0.14 0 0 0 0 0 0 1.75 0 0 0 0 0 0 0.29 0 0 0 0 0 0.14 0 0 0.29 0 0.14 0 0 0.14 0 0.14 0 0.14 0.14 0 0 0 0 0 0.29 0 0.14 0 0 0 0.064 0 0.021 0 0 1.715 11 187
487 0.24 0 0.24 0 0.24 0 0 0 0 0 0 0 0 0 0 0 0.24 0.24 0.24 0 0 0 0 0.24 0.98 0.73 0 0.49 0 0.24 0 0 0 0 0.24 0 0 0 0 0 0 0 0 0 0 0 0 0 0 0 0 0 0 0 1.831 13 152
488 0 0 0 0 0 0 0 0 0 0 0 2.08 0 0 0 0 1.04 0 0 0 0 0 0 0 1.04 0 0 0 0 0 0 0 0 0 0 0 0 0 0 0 0 0 0 0 0 0 0 0 0 0.478 0 0 0 0 3.291 21 79
489 0.4 0 0.81 0 0 0.4 0 0 0 0 0 0.81 0 0 0 0 0 0 1.63 0 0.4 0 0 0 0 0 0.81 0 0 0.4 0 0 0 0 0 0 0 0 0 0 0 0 0.4 0 0.4 0 0 0 0 0.071 0 0 0 0 1.156 3 59
490 0 0 0 0 0 0 0 0 0 0 0 0 0 0 0 0 0 0 0 0 0 0 0 0 4.44 2.22 2.22 2.22 2.22 2.22 2.22 2.22 0 2.22 2.22 2.22 0 0 0 2.22 0 0 0 0 0 0 0 0 0 0.735 0 0 0 0 2.45 11 49
491 0.07 0.03 0.18 0 0.1 0.03 0 0 0.4 0 0 0.1 0 0 0 0 0 0.03 0.14 0 0.1 0 0 0 0.47 0.5 0.03 0 0 0 0 0 0.76 0 0 0 0.32 0 0 0 0.07 0 0 0 0 0 0 0 0.188 0.148 0.035 0 0.01 0 3.233 66 1387
492 0 0 0 0 0 0 0 0 0 0 0 1.38 0 0 0 0 0 0 2.77 0 0 0 0 0 0 0 1.38 0 0 0 0 0 0 0 0 0 0 0 0 0 0 0 0 0 0 0 0 0 0 0.228 0 0 0 0 1 1 12
493 0 2.35 0 0 3.52 1.17 0 1.17 0 4.7 0 0 0 0 0 1.17 0 0 1.17 0 1.17 0 0 0 0 0 1.17 0 0 0 0 0 0 0 0 0 0 0 0 0 0 0 0 0 1.17 0 0 0 0 0.192 0 0 0 0 1 1 14
494 0 0 2.08 0 0 0 0 0 0 0 0 2.08 0 2.08 0 0 0 0 2.08 0 0 0 0 0 0 0 0 0 0 0 0 0 0 0 0 0 0 0 0 0 0 0 0 0 0 0 0 0 0 0 0 0 0 0 1 1 11
495 0 0 0 0 0 0 0 0 0 0 0 0 0 0 0 0 0 0 0 0 0 0 0 0 2.12 6.38 0 0 0 0 0 0 0 0 0 0 2.12 0 0 0 0 0 0 0 0 0 0 0 0 0 0 0 0 0 1.666 6 30
496 0.33 0 0 0 0.33 0 0 0 0 0 0 0 0 0 0 0 0 0.33 2.01 0 0.33 0 0 0 1.34 1 1.34 0.33 0.33 0.33 0.33 0.33 1.34 0.33 0.33 0.33 0.33 0 0.33 0.33 0 0 0.33 0 0.33 0 0 0 0 0.296 0.059 0 0 0 1.742 12 122
497 0 0 0 0 0 0 0 0 0 0 0 1.62 0 0 0 0 0 0 0 0 0 0 0 0 0 0 0 0 0 0 0 0 0 0 0 0.81 0 0 0 0 0 0 0 0 0 0 0 0 0 0 0 0 0 0 1.578 5 60
498 0 0 0 0 0 0 0 0 0 0.8 0 0 0 0 0 1.61 0 0 0.8 0 0.8 0 0 0 0.8 0 0 0 0 0 0.8 0 0.8 0 0 0 0 0 0 0 0 0 0 0 0 0 0 0 0 0.089 0 0 0 0 2.405 28 89
499 0 0 1.09 0 1.09 0 0 0 0 0 0 1.09 0 0 0 0 0 0 3.29 0 0 0 0 0 0 0 1.09 0 0 0 0 0 0 0 0 0 0 0 0 0 0 0 0 0 0 0 0 0 0.434 0.217 0 0 0 0 1 1 18
500 0.07 0 0.23 0 0.15 0 0 0.07 0 0.07 0.15 1.84 0.07 0 0 0 0.15 0 0.23 0.23 0 0 0.23 0 2.61 0 0 0 0 0 0 0 0 0 0 0.07 0.07 0.07 0 0 0 0 0 0.15 0 0 0 0 0.011 0.143 0 0 0.044 0 2.442 26 591
501 0 0 0.66 0 0 0 0 0 0 0.33 0 0 0 0 0 0 0 0 1.98 0 0.66 0 0 0 0.99 0.66 0.66 0.99 0.33 0.33 0.33 0.33 0 0.33 0.33 0.66 0.33 0 0 0.33 0 0 0.33 0 0.33 0 0 0 0 0.282 0 0 0 0 2.238 13 188
502 0 0 0 0 0 0 0 0 0 0 0 0 0 0 0 0 0 0 0 0 0 0 0 0 1.79 1.79 0 0.89 0 0 0 0 0 0 0.44 0 0 0 0 0 0 0 0 0.89 0 0 0 0 0 0.136 0 0 0 0 1.988 24 179
503 0 0 0 0 0 0 0 0 0 0.58 0 0 0 0 0 0 0 0 2.9 0 0 0 0 0 1.74 1.16 1.16 1.74 0.58 1.16 0.58 0.58 0 0.58 0.58 1.16 0.58 0 0.58 0.58 0 0 0.58 0 0.58 0 0 0 0 0.379 0 0 0 0 2.222 12 140
504 0 0 0 0 0.32 0 0 0 0 0 0 0.32 0 0 0 0 0 0.32 0.64 0 0.32 0 0 0 1.28 1.28 0.64 0.32 0.32 0.32 0.32 0.32 0.64 0.32 0.32 0.32 0.96 0 0.32 0.32 0 0 0.64 0.32 0.32 0.64 0 0 0 0.094 0.047 0.094 0 0 1.919 13 167
505 0 0 0 0 0 0 0 0 0 0 0 0 0 0 0 0 0 0 0 0 0 0 0 0 8.69 4.34 4.34 4.34 4.34 4.34 4.34 4.34 0 4.34 4.34 4.34 0 0 0 4.34 0 0 0 0 0 0 0 0 0 1.111 0 0 0 0 3.1 11 31
506 0 0 1.4 0 0 0 0 0 0 0 0 1.4 0 0 0 0 0 0 1.4 0 0 0 0 0 0 0 0 0 0 0 0 0 0 0 0 0 0 0 0 0 2.81 0 0 0 0 1.4 0 0 0 0 0 0.497 0 0 1.722 10 31
507 0 0 0 0 0.86 0 0 0 0 0 0 0 0 0 0 0 0 0 1.73 0 0.86 0 0 0 0 0 0 0 0 0 0 0 0 0 0 0 0 0 0 0 0.86 0 0 0.86 0 0.86 0 0 0 0.152 0 0.457 0 0 1.192 3 31
508 0 0 0 0 0 0 0 0 0 0 0 2.01 0 0 0 0 0 0 0.67 0 0 0 0 0 0 0 0 0 0 0 0 0 0 0 0 0 0.67 0 0 0 0 0 0 0 0.67 0 0 0 0 0 0 0 0.26 0 1.592 5 43
509 0 0 0 0 0 0 0 0 0 1.38 0 0 0 0 0 0 0 0 4.16 0 0 0 0 0 0 0 0 0 0 0 0 0 0 0 0 0 0 0 0 0 0 0 0 0 0 1.38 0 0 0 0 0 0 0 0 1.5 4 24
510 0 0 3 0 0 0 0 0 0 0 0 0 0 0 0 0 0 0 2 0 1 0 0 0 0 0 0 0 0 0 0 0 0 0 0 0 0 0 0 0 0 0 0 0 0 1 0 0 0 0 0 0 0 0 1.428 3 20
511 0.49 0 0.49 0 0.49 0 0 0 0 0 0 0.99 0 0 0 0 0 0 0.99 0 0 0 0 0 0 0 0 0 0 0 0 0 0 0 0 0 0.49 0 0 0 0 0 0 0 0.99 0.49 0 0 0 0 0 0.091 0 0 1.214 5 51
512 0 0 0 0 0 0 0 0 0 0 0 0 0 0 0 0 0 0 2.17 0 2.17 0 0 0 0 0 0 0 0 0 0 0 0 0 0 0 0 0 0 0 0 0 0 0 2.17 2.17 0 0 0 0.743 0 0.371 0 0.371 1.714 11 24
513 0 0 1.04 0 0 0 0 0 0 1.04 0 0 0 0 0 0 0 0 5.2 0 0 0 0 0 1.04 0 0 0 0 0 0 0 0 0 0 0 0 0 0 0 0 0 0 0 2.08 0 0 0 0 0.211 0 0.422 0 0 1.16 4 29
514 0 0 1.49 0 0 0 0 0 0 0 0 0 0 0 0 0 0 0 1.49 0 2.98 0 0 0 0 0 0 0 0 0 0 0 0 0 0 0 0 0 0 0 0 0 0 0 1.49 0 0 0 0 0 0 1.069 0 0 1 1 13
515 0 0 0 0 0 0 0 0 0 1 0 0 0 0 0 0 0 0 2 0 0 0 0 0 0 0 0 0 0 0 0 0 0 0 0 0 1 0 0 0 0 0 0 0 0 5 0 0 0 0 0 0 0 0 2.413 15 70
516 0 0 0 0 0 0 0 0 0 0.84 0 0.84 0 0 0 0 0 0 2.54 0 1.69 0 0 0 0 0 0 0 0 0 0 0 0 0 0 0 0 0 0 0 0 0 0 0 0 1.69 0 0 0 0.134 0 0 0 0 1.285 5 27
517 0 0 0 0 0 0 0 0 0 0 0 0 0 0 0 0 0 0 0 0 0 0 0 0 0 0 0 0 0 0 0 0 0 0 0 0 0 0 0 0 0 0 0 0 6.25 0 0 0 0 0 0 0 0 0 1 1 7
518 0.9 0 0.9 0 0 0 0 0 0 0 0 0 0 0 0 0 0 0.9 3.6 0 0 0 0 0 0 0 0 0 0 0 0 0 0 0 0 0 0 0.9 0 0 0 0 0 1.8 0.9 0 0 0 0 0 0 0 0 0 1.727 5 19
519 0 0 0 0 0 0 0 0 0 0 0 0 0 0 0 0 0 0 0.53 0 0 0 0 0 0 0 0 0 0 0 0 0 0 0 0 0 1.06 0 0 0 0 0 0 0 1.06 2.65 0 0 0 0.322 0 0 0 0.129 2.6 18 182
520 0 0 0 0 0 0 0 0 0 0 0 0 1.47 0 0 0 0 0 2.94 0 2.94 0 0 0 0 0 0 0 0 0 0 0 0 0 0 0 0 0 0 0 0 0 0 0 0 1.47 0 0 0 0 0 0 0 0 4.312 47 69
521 0.43 0 1.31 0 0 0.43 0 0 0 0 0 0 0.87 0 0 0 0 0 0.87 0 0 0 0 0 0 0 0 0 0 0 0 0 0 0 0 0 0 0 0 0 0 0 0 0 0 0.43 0 0 0 0 0 0 0 0 2.137 47 109
522 0 0 1.57 0 0.22 0.22 0 0 0 0 0 0 0.22 0 0 0 0 0 2.02 0 0.22 0 0 0 0 0 0 0 0 0 0 0 0 0 0 0 0 0 0.22 0 0 0 0 0 0.89 0 0 0 0 0.091 0 0.045 0 0 1.276 16 97
523 0 0 0.25 0 0.25 0 0 0 0 0 0 0 0 0 0 0 0 0 2.05 0 0.51 0 0 0 0 0 0 0 0 0 0 0 0 0 0 0 0 0 0 0 0 0 0 0 0.76 0.25 0 0 0 0.094 0 0.047 0 0 1.884 51 147
524 2.32 0 0 0 0 0.77 0 0 0 0 0 0.77 0 0 0 0 0 0 4.65 0 0 0 0 0 0 0 0 0 0 0 0 0 0 0 0 0 0 0 0 0 0 0 0 0 1.55 0 0 0 0 0 0 0.159 0 0 1.346 4 35
525 0 0 0 0 0 0 0 0 0 0 0 0 0 0 0 1.06 0 0 1.06 0 0 0 0 0 0 0 0 0 0 0 0 0 0 0 0 0 0 0 0 0 0 0 0 0 2.12 1.06 0 0 0 0.14 0 0 0 0 2.625 47 84
526 0 0 0 0 0 0.78 0 0 0 0 0 0 0 0 0 0 0 0.78 0 0 0.78 0 0 0 0 0 0 0 0 0 0 0 0 0 0 0 0 0 0 0 0 0 0 0 0 0 0 0 0 5.277 0 0.263 0 0 1.047 2 22
527 0 0 0.39 0 0.39 0.39 0 0 0 0 0 0 0.39 0 0 0.39 0 0.39 1.17 0 0.78 0 0.39 0.39 0 0 0 0 0 0 0 0 0 0 0 0 0 0 0 0 0 0 0 0 0 0.39 0 0 0 0.065 0.065 0.261 0.065 0 2.89 55 159
528 0 0 1.85 0 0 0 0 0 0 1.85 0 1.85 1.85 0 0 0 0 0 5.55 0 0 0 0 0 0 0 0 0 0 0 0 0 0 0 0 0 0 0 0 0 0 0 0 0 0 0 0 0 0 0 0 0.692 0 0 1.727 5 19
529 0 0 0 0 0 0 0 0 0 0 0 0 0 0 0 0 0 0 0 0 0 0 0 0 0 0 0 0 0 0 0 0 0 0 0 0 0 0 0 0 0 0 0 0 0 0 0 0 0 0 0 0.757 0 0 1.222 4 22
530 0 0 0 0 0 0 0 0 0 0 0 0 0 0 0 0 0 0 2.63 0 2.63 0 0 0 0 0 0 0 0 0 0 0 0 0 0 0 0 0 0 0 0 0 0 0 0 0 0 0 0 0.523 0 0 0 0 1.6 4 16
531 0 0 0.48 0 0 0 0 0 0 0 0 0 0 0 0 0.48 0 0 2.43 0 0.97 0 0 0.48 0 0 0 0 0 0 0 0 0 0 0 0 0 0 0 0 0 0 0 0 0.48 0 0 0 0 0 0 0.45 0 0 1.138 4 41
532 0 0 0 0 0 0 0 0 0 0 0 1.69 0 0 0 0 0 1.69 0 0 1.69 0 0 0 0 0 0 0 0 0 0 0 0 0 0 0 0 0 0 0 0 0 0 0 1.69 0 0 0 0 0 0 0.278 0 0 1.777 4 32
533 0 0 0 0 0 0 0 0 0 0 0 0 0 1.75 0 0 0 0 1.75 0 0 0 0 0 0 0 0 0 0 0 0 0 0 0 0 0 0 0 0 0 0 0 0 0 0 0 0 0 0 0 0 0.25 0 0 1.285 3 18
534 0 1.38 1.38 0 0 0 0 0 0 1.38 0 0 0 0 0 0 0 0 9.72 0 1.38 0 0 0 0 0 0 0 0 0 0 0 0 0 0 0 0 0 0 0 0 0 0 0 1.38 0 0 0 0 0 0 0 0 0 2.052 21 39
535 1.49 0 0 0 0 0 0 0 0 0 0 1.49 0 0 0 0 0 0 4.47 0 1.49 0 0 0 0 1.49 0 0 0 0 0 0 0 0 0 0 0 0 0 0 0 0 0 1.49 0 0 0 0 0 0 0 0 0 0 1.933 8 29
536 0 0 0 0 3.44 0 0 0 0 0 0 0 0 0 0 0 0 0 0 0 0 0 0 0 0 0 0 0 0 0 0 0 0 0 0 0 0 0 0 0 0 0 0 0 0 0 0 0 0 0 0 0 0 0 1.307 5 17
537 0 0 1.98 0 0.99 0 0 0 0 0 0 1.98 0 0 0 0 0 0 4.95 0 0.99 0 0 0 0 0 0 0 0 0 0 0 0 0 0 0 0 0 0.99 0 0 1.98 0 0 0 0 0 0 0 0 0 0 0 0 1.222 4 22
538 0 0 0 0 0 0 0 0 0 2.77 0 0 0 0 0 0 0 0 2.77 0 5.55 0 0 0 0 0 0 0 0 0 0 0 0 0 0 0 0 0 0 0 0 0 0 0 2.77 0 0 0 0 0 0 0.438 0 0 1.214 3 17
539 0 0 0.22 0 0 0 0 0 0 0 0 0.22 0 0 0 0 0 0 1.11 0 0.22 7.12 0 0 0 0 0 0 0 0 0 0 0 0 0 0 0 0 0.22 0 0 0 0 0 0 0 0 0 3.125 0 0 0.24 0 0.28 5.397 43 448
540 0 0 0 0 0 0 0 0 0 0 0 0 0 0 0 0 0 0 12.19 0 4.87 0 0 9.75 0 0 0 0 0 0 0 0 0 0 0 0 0 0 0 0 0 0 0 0 0 0 0 0 0 0 0 0 0 0 1 1 7
541 0.51 0 0.51 0 1.53 0 0 0 0 0.51 0 0.51 0 0 0 0 0 0 1.02 0 0 0 0.51 0 0 0 0 0 0 0 0 0 0 0 0 0 0 0 0 0 0 0 0 0 0 0.51 0.51 0 0 0.079 0 0 0 0 1.442 8 75
542 0 0 0 0 0 0 0 0 0 1.25 0 1.25 0 0 0 0 0 0 2.5 0 1.25 0 0 0 1.25 1.25 0 0 0 0 0 0 0 0 0 0 0 0 1.25 0 0 0 0 0 1.25 1.25 0 0 0 0 0 0 0.204 0 2.45 15 49
543 0 0.6 0 0 0.6 0 0 0 0 2.43 0 0.6 0 0 0 0 0 0 1.82 0 0.6 0 0 0 0 0 0 0 0 0 0 0 0 0 0 0 0 0 0 0 0 1.21 0 0 0 1.82 0 0 0 0.271 0 0 0 0.09 6.09 71 201
544 0 0 0 0 0 0 0 0 0 0 0 0 0 0 0 0 0 0 0 0 0 0 0 0 0 0 0 0 0 0 0 0 0 0 0 0 0 0 0 0 0 0 0 0 0 0 0 0 0 0 0 0 0 0 1 1 3
545 0 0 0 0 0 0 0 0 0 0 0 0 0 0 0 0 0 0 0 0 0 0 0 0 0 0 0 0 0 0 0 0 0 0 0 0 0 0 0 0 0 0 0 0 0 5.88 0 0 0 0 0 0 0 0 1 1 7
546 0 0 0 0 0 0 0 0 0 0 0 0 0 0 0 0 0 0 0 0 0 0 0 0 0 0 0 0 0 0 0 0 0 0 0 0 0 0 0 0 0 0 0 0 0 0 0 0 0 0 0 0 0 0 1 1 3
547 0 0 0 0 0 0 0 0 0 0 0 3.03 0 0 0 0 0 0 3.03 0 0 0 0 0 0 0 0 0 0 0 0 0 0 0 0 0 0 0 0 0 0 0 0 0 0 0 0 0 0 0 0 0.473 0 0 1.687 5 27
548 0 0 0 0 0 0 0 0 0 0 0 1.61 0 0 0 0 0 0 0 0 1.61 0 0 0 0 0 0 0 0 0 0 0 0 0 0 0 1.61 0 0 0 0 0 0 0 0 0 0 0 0 0.266 0 0.533 0 0 4.5 31 63
549 0 0 0 0 0 0 0 0 0 0 0 1.78 0 0 0 0 0 0 3.57 0 1.78 0 0 0 0 0 0 0 0 0 0 0 0 0 0 0 0 0 0 0 0 1.78 0 0 1.78 0 0 0 0 0 0 1.194 0 0 2.23 8 29
550 0 0 1.18 0 0.16 0 0 0 0 0.16 0 0.16 0.16 0 0 0 0.16 0 2.88 0 0.5 0 0 0 0 0 0 0 0 0 0 0 0 0 0 0 0 0 0 0 0 0 0 0 0.33 0 0 0 0.031 0.374 0 0.561 0 0 1.462 10 136
551 0 0 0 0 0 0 0 0 0 0 0 0 0 0 0 0 0 2.22 4.44 0 0 0 0 0 0 0 0 0 0 0 0 0 0 0 0 0 0 0 0 0 0 0 0 0 2.22 2.22 0 0 0 0 0 0 0 0 1.75 5 14
552 0 0 0 0 0 0 0 0 0 0.33 0 0 0.33 0 0 0 0 0 2 0 0.33 0 0 0.33 0 0 0 0 0 0 0 0 0 0 0 0 0.33 0 0 0 0 0 0 0 0 4.33 0 0 0 0.112 0 0.224 0.224 0 1.542 15 108
553 0 0 0.41 0 0 0 0 0 0 0.41 0 1.25 0 0 0 0 0 0 2.91 0 0.41 0 0 0 0 0 0 0 0 0 0 0 0 0 0 0 0 0 0 0 0 0 0 0 0 0 0 0 0 0.184 0 0 0 0 1.538 10 40
554 0 0 0.4 0 0 0.4 0 0 0 0 0 0 0 0 0 0.4 0 0.4 0.4 0 0.4 0 0 0 0 0 0 0 0 0 0 0 0 0 0 0 0.81 0 0 0 0 0 0 0 0.4 0.4 0 0 0 0.323 0.053 0 0 0.053 5.263 70 300
555 0 0 0.74 0 0 0 0 0 0 0 0 0.24 0 0 0 0.49 0 0.49 2.71 0 1.23 0 0 0 0 0 0 0 0 0 0 0 0 0 0 0 0.24 0 0 0 0 0 0 0 0.49 0 0 0 0.036 0.147 0 0.147 0 0 2.587 55 282
556 0 0 0 0 0 0 0 0 0 2.11 0 0 0.7 0 0 0.7 0 0.7 2.11 0 0 0 0 0 0 0 0 0 0 0 0 0 0 0 0 0 0 0 0 0 0 0 0.7 0 0.7 0.7 0 0 0 0 0 0.336 0 0 2.97 68 101
557 0 0 0 0 0 0 0 0 0 0 0 0 0 0 0 0 0 0 2.77 0 0 0 0 0 0 0 0 0 0 0 0 0 0 0 0 0 0 0 0 0 0 0 0 2.77 2.77 0 0 0 0 0 0 0 0 0 1 1 8
558 0 0 0 0 0 0 0 0 0 0 0 0 0 0 0 0 0 0 6.66 0 0 0 0 0 0 0 0 0 0 0 0 0 0 0 0 0 0 0 0 0 0 0 0 0 6.66 0 0 0 0 0 0 32.478 0 0 1.666 3 5
559 1.42 0 0 0 0 0 0 0 0 0 0 4.28 0 0 0 0 0 0 1.42 0 0 0 0 0 0 0 0 0 0 0 0 0 0 0 0 0 0 0 0 0 4.28 0 0 0 0 0 0 0 0 0.35 0 0.175 0 0 1.826 7 42
560 0 0 0.86 0 0 0 0 0 0 0 0 0 0 0 0 0.57 0 0 3.17 0 0.28 0 0 0 0.57 0 0 0 0 0 0 0 0 0 0 0 0 0 0 0 0 0 0 0 0.86 0 0 0 0 0.196 0 0.049 0.147 0 1.1 2 55
561 0.39 0 0.98 0 0 0.19 0 0 0 0 0 0.58 0.19 0 0 0.78 0 0.39 5.09 0 0.58 0 0 0 0 0 0 0 0 0 0 0 0 0 0 0 0 0 0 0 0 0.19 0 0 0.39 0 0.19 0 0 0.239 0 0.444 0 0 1.626 8 122
562 0 0 0 0 0 0 0 0 0 0 0 0.95 0 0 0 0 0 0 3.8 0 0 0 0 0 0 0 0 0 0 0 0 0 0 0 0 0 0.95 0 0 0 0 0 0 0 0 2.85 0 0 0 0 0 0.175 0 0 3.125 15 50
563 0 0 0 0 0 0 0 0 0 0 0 0 0 0 0 0 0 0 0 0 0 0 0 0 0 0 0 0 0 0 0 0 0 0 0 0 2.08 0 0 0 0 0 0 0 0 6.25 0 0 0 0 0 0 0 0 3.125 15 50
564 0 0 0 0 0 0 0 0 0 0 0 0 1.08 0 0 0 0 0 2.17 0 0 0 0 0 0 0 0 0 0 0 0 0 0 0 0 0 2.17 0 0 0 0 0 0 0 0 7.6 0 0 0 0 0 0 0 0 3.387 15 105
565 0 2.01 0 0 0 0 0 0 0 2.68 0 0.67 0 0 0 0 0 0 4.02 0 3.35 0 0 0 0 0 0 0 0 0 0 0 0 0 0 0 0.67 0 0 0 0 0 0 0 0 2.01 0 0 0.112 0.112 0 0.112 0 0 2.484 15 82
566 0 0 0.36 0 0.12 0.24 0 0 0 0.24 0 0 0.24 0 0 0 0 0 1.58 0 0.12 0 0 0 0 0 0 0 0 0 0 0 0 0 0 0 0 0 0 0 0 0 0.12 0 0.12 0.24 0 0 0 0.067 0.022 0 0 0 1.433 12 76
567 0 0 0 0 0 0 0 0 0 0 0 0 0 0 0 0 0 0 0 0 0 0 0 0 0 0 0 0 0 0 0 0 0 0 0 0 0 0 0 0 0 0 0 0 8.33 0 0 0 0 0 0 0 0 0 5.333 18 32
568 0 0 0 0 0 0 0 0 0 0 0 0 0 0 0 0 0 0 0 0 0 0 0 0 0 0 0 0 0 0 0 0 0 0 0 0 0 0 0 0 0 0 0 4.16 0 0 0 0 0 0 0 0 0 0 1.666 3 10
569 0 0 0 0 0 0 0 0 0 0 0 0 0 0 0 0 0 0 1.43 0 0 0 0 0 0 0 0 0 0 0 0 0 0 0 0 0 0 0 0 0 0 0 0 0 0.47 0.47 0 0 0 0.252 0.168 0.168 0 0 1.228 5 43
570 0 0 0.55 0 0 0 0 0 0 0 0 0 0 0 0 0 0 1.11 4.45 0 0.83 0 0 0 0 0 0 0 0 0 0 0 0 0 0 0 0 0 0 0 0 0 0 0 0.27 0.27 0 0 0 0.052 0 0 0 0 1.2 4 54
571 0.14 0 0.14 0 0 0.56 0 0 0 0 0 0.14 0 0 0 0 0 0.28 2.41 0 0.14 0 0 0 0 0 0 0 0 0 0 0 0 0 0 0 0 0 0 0 0.42 0 0 0 0.7 0.14 0 0 0 0.053 0 0 0 0 1.136 5 108
572 0 0 0 0 0 0 0 0 0 1.38 0 0 0 0 0 0 0 1.38 0 0 0 0 0 0 0 0 0 0 0 0 0 0 0 0 0 0 0 0 0 0 0 0 0 0 1.38 2.77 0 0 0 0.213 0 0 0 0 1.72 11 43
573 0 0 1.23 0 0 0 0 0 0 0 0 0 0 0 0 0 0 0.61 1.85 0 0 0 0 0 0 0 0 0 0 0 0 0 0 0 0 0 0 0 0 0 0.61 0.61 0 0 1.23 0.61 0 0 0 0 0.406 0 0 0 1.666 13 70
574 0 0 0 0 0 0 0 0 0 0 0 0 0 0 0 0 0 0 6.89 0 0 0 0 0 0 0 0 0 0 0 0 0 0 0 0 0 0 0 0 0 0 0 0 0 0 3.44 0 0 0 0 0 0 0 0 1 1 8
575 0.96 0 0 0 0.32 0 0 0 0 0 0 0.32 0 0 0 0 0 0 1.93 0 0.32 0 0 0 0 0 0 0 0 0 0 0 0 0 0 0 0 0 0 0 0 0 0 0.32 0 0.32 0 0 0 0.057 0 0 0 0 1.147 5 78
;