0.337 0.563 0.987 0.854   1.0
0.790 0.531 0.006 0.808   1.0
0.168 0.758 0.194 0.868   -1.0
0.787 0.505 0.720 0.586   1.0
0.050 0.668 0.971 0.804   1.0
0.295 0.248 0.179 0.482   -1.0
0.590 0.820 0.439 0.577   1.0
0.802 0.368 0.204 0.808   1.0
0.400 0.976 0.934 0.595   1.0
0.602 0.382 0.350 0.322   1.0*
0.110 0.372 0.635 0.081   -1.0
0.058 0.377 0.424 0.237   -1.0
0.301 0.827 0.678 0.740   1.0
0.352 0.543 0.772 0.556   1.0
0.948 0.957 0.327 0.881   1.0
0.171 0.484 0.934 0.521   1.0
0.901 0.631 0.178 0.537   1.0
0.355 0.595 0.089 0.779   -1.0
0.948 0.081 0.660 0.627   1.0
0.065 0.978 0.363 0.837   1.0
0.714 0.784 0.491 0.041   1.0
0.042 0.212 0.149 0.976   -1.0
0.955 0.877 0.364 0.133   1.0
0.077 0.488 0.009 0.167   -1.0
0.842 0.115 0.348 0.502   -1.0
0.169 0.567 0.720 0.532   -1.0
0.254 0.246 0.188 0.745   -1.0
0.854 0.788 0.499 0.003   1.0
0.232 0.959 0.641 0.597   1.0
0.055 0.674 0.580 0.064   -1.0
0.848 0.907 0.956 0.196   1.0
0.697 0.365 0.976 0.417   1.0
0.380 0.671 0.143 0.568   -1.0
0.431 0.422 0.204 0.930   -1.0
0.967 0.162 0.384 0.608   1.0
0.475 0.663 0.434 0.055   -1.0
0.275 0.903 0.634 0.230   1.0
0.043 0.928 0.463 0.019   -1.0
0.360 0.398 0.015 0.504   1.0*
0.432 0.935 0.388 0.635   1.0
0.813 0.602 0.027 0.197   -1.0
0.787 0.673 0.873 0.220   1.0
0.600 0.495 0.631 0.234   -1.0
0.730 0.277 0.652 0.193   -1.0
0.997 0.554 0.694 0.012   1.0
0.660 0.444 0.992 0.048   1.0
0.857 0.861 0.682 0.884   1.0
0.892 0.671 0.731 0.765   1.0
0.459 0.365 0.385 0.090   -1.0
0.110 0.820 0.876 0.763   1.0
0.171 0.759 0.566 0.865   1.0
0.624 0.525 0.216 0.616   -1.0
0.295 0.473 0.434 0.977   1.0
0.493 0.869 0.027 0.224   -1.0
0.918 0.683 0.999 0.303   1.0
0.599 0.413 0.592 0.474   1.0
0.605 0.645 0.935 0.172   1.0
0.707 0.795 0.035 0.923   1.0
0.607 0.218 0.884 0.042   -1.0
0.241 0.534 0.063 0.268   -1.0
0.697 0.186 0.440 0.697   1.0
0.213 0.296 0.902 0.806   1.0
0.078 0.411 0.416 0.014   -1.0
0.926 0.721 0.378 0.960   1.0
0.789 0.568 0.861 0.673   1.0
0.056 0.913 0.144 0.119   -1.0
0.901 0.817 0.367 0.342   1.0
0.856 0.555 0.809 0.759   1.0
0.579 0.837 0.771 0.995   1.0
0.353 0.921 0.572 0.731   1.0
0.215 0.520 0.449 0.077   -1.0
0.058 0.133 0.106 0.202   -1.0
0.287 0.103 0.069 0.654   -1.0
0.582 0.510 1.000 0.392   1.0
0.360 0.971 0.106 0.131   1.0*
0.957 0.484 0.886 0.529   1.0
0.767 0.744 0.735 0.216   1.0
0.927 0.274 0.953 0.032   1.0
0.205 0.319 0.579 0.274   1.0*
0.024 0.856 0.484 0.023   -1.0
0.753 0.383 0.218 0.860   1.0
0.184 0.817 0.999 0.071   1.0
0.214 0.838 0.090 0.949   1.0
0.911 0.875 0.328 0.864   1.0
0.804 0.069 0.227 0.383   -1.0
0.201 0.407 0.198 0.684   -1.0
0.446 0.438 0.813 0.664   1.0
0.327 0.849 0.114 0.326   -1.0
0.460 0.540 0.757 0.550   1.0
0.811 0.461 0.364 0.139   -1.0
0.272 0.943 0.393 0.499   1.0
0.736 0.699 0.733 0.934   1.0
0.163 0.380 0.822 0.976   1.0
0.119 0.304 0.893 0.233   -1.0
0.812 0.694 0.169 0.569   1.0
0.658 0.380 0.704 0.021   -1.0
0.029 0.293 0.463 0.422   -1.0
0.789 0.158 0.491 0.522   -1.0
0.875 0.685 0.473 0.697   1.0
0.518 0.816 0.966 0.411   1.0
0.595 0.223 0.743 0.765   1.0
0.986 0.422 0.173 0.691   1.0
0.692 0.720 0.737 0.155   1.0
0.528 0.944 0.300 0.019   -1.0
0.393 0.894 0.152 0.866   1.0
0.814 0.384 0.407 0.780   1.0
0.456 0.375 0.018 0.198   -1.0
0.811 0.185 0.562 0.984   1.0
0.006 0.676 0.595 0.742   1.0
0.737 0.270 0.776 0.038   -1.0
0.242 0.431 0.184 0.395   -1.0
0.775 0.209 0.680 0.182   1.0*
0.475 0.638 0.363 0.493   -1.0
0.503 0.303 0.021 0.065   -1.0
0.896 0.071 0.963 0.491   1.0
0.795 0.228 0.083 0.570   -1.0
0.373 0.813 0.696 0.557   1.0
0.993 0.333 0.416 0.673   1.0
0.404 0.147 0.152 0.767   -1.0
0.989 0.270 0.943 0.009   1.0
0.230 0.905 0.405 0.193   -1.0
0.218 0.988 0.624 0.301   1.0
0.890 0.674 0.371 0.587   1.0
0.578 0.579 0.564 0.994   1.0
0.078 0.398 0.399 0.231   -1.0
0.040 0.219 0.435 0.983   -1.0
0.770 0.213 0.134 0.175   -1.0
0.530 0.393 0.395 0.155   -1.0
0.953 0.045 0.368 0.324   -1.0
0.599 0.903 0.211 0.163   -1.0
0.463 0.241 0.295 0.862   -1.0
0.460 0.902 0.691 0.895   1.0
0.920 0.664 0.098 0.054   -1.0
0.504 0.584 0.232 0.899   1.0
0.925 0.852 0.784 0.293   1.0
0.415 0.892 0.079 0.626   1.0
0.976 0.089 0.295 0.271   1.0*
0.767 0.731 0.853 0.458   1.0
0.737 0.378 0.290 0.835   1.0
0.129 0.339 0.016 0.361   -1.0
0.755 0.286 0.091 0.539   -1.0
0.267 0.954 0.471 0.346   1.0
0.526 0.322 0.668 0.821   1.0
0.619 0.588 0.323 0.472   1.0
0.949 0.209 0.425 0.239   -1.0
0.857 0.368 0.384 0.873   1.0
0.622 0.628 0.015 0.713   -1.0
0.595 0.980 0.121 0.066   -1.0
0.700 0.591 0.648 0.368   1.0
0.240 0.988 0.001 0.563   -1.0
0.048 0.512 0.669 0.473   -1.0
0.713 0.330 0.119 0.096   -1.0
0.848 0.719 0.832 0.863   1.0
0.999 0.458 0.411 0.119   -1.0
0.737 0.819 0.115 0.385   1.0
0.528 0.625 0.175 0.528   -1.0
0.635 0.576 0.701 0.303   1.0
0.452 0.016 0.379 0.571   -1.0
0.583 0.419 0.831 0.414   1.0
0.262 0.413 0.741 0.674   1.0
0.265 0.411 0.351 0.380   -1.0
0.539 0.907 0.421 0.714   1.0
0.610 0.349 0.012 0.311   -1.0
0.061 0.763 0.668 0.440   -1.0
0.780 0.023 0.753 0.611   1.0
0.036 0.873 0.850 0.777   1.0
0.382 0.042 0.957 0.733   1.0
0.753 0.272 0.329 0.174   1.0*
0.765 0.784 0.335 0.776   1.0
0.986 0.837 0.857 0.654   1.0
0.191 0.434 0.299 0.944   -1.0
0.736 0.981 0.917 0.586   1.0
0.464 0.968 0.800 0.421   1.0
0.221 0.175 0.974 0.550   -1.0
0.960 0.315 0.133 0.295   -1.0
0.228 0.281 0.928 0.085   -1.0
0.205 0.277 0.369 0.505   -1.0
0.413 0.241 0.202 0.330   -1.0
0.959 0.794 0.796 0.759   1.0
0.497 0.981 0.390 0.471   1.0
0.740 0.431 0.846 0.873   1.0
0.937 0.101 0.006 0.865   -1.0
0.941 0.070 0.463 0.310   -1.0
0.684 0.723 0.816 0.885   1.0
0.643 0.845 0.848 0.439   1.0
0.064 0.936 0.585 0.454   1.0
0.115 0.194 0.838 0.961   1.0
0.563 0.898 0.167 0.569   1.0
0.354 0.510 0.834 0.816   1.0
0.409 0.500 0.543 0.225   -1.0
0.596 0.868 0.231 0.444   1.0
0.835 0.507 0.243 0.419   -1.0*
0.650 0.535 0.155 0.488   -1.0
0.221 0.051 0.394 0.389   -1.0
0.157 0.742 0.130 0.991   1.0
0.950 0.400 0.059 0.493   -1.0
0.444 0.089 0.492 0.675   -1.0
0.799 0.510 0.041 0.043   -1.0
0.002 0.693 0.464 0.157   -1.0
0.960 0.379 0.231 0.354   -1.0
0.851 0.511 0.510 0.981   1.0
0.068 0.931 0.902 0.127   1.0
0.526 0.571 0.514 0.019   -1.0
0.048 0.818 0.756 0.088   -1.0
0.685 0.091 0.553 0.149   -1.0
0.734 0.109 0.627 0.965   1.0
0.395 0.816 0.975 0.904   1.0
0.477 0.973 0.728 0.379   1.0
0.153 0.905 0.671 0.667   1.0
0.917 0.715 0.742 0.673   1.0
0.603 0.358 0.894 0.156   1.0
0.142 0.889 0.616 0.769   1.0
0.080 0.163 0.670 0.054   -1.0
0.466 0.531 0.040 0.194   -1.0
0.140 0.347 0.815 0.811   1.0
0.739 0.728 0.729 0.481   1.0
0.532 0.083 0.760 0.426   -1.0
0.267 0.568 0.129 0.884   -1.0
0.983 0.964 0.500 0.652   1.0
0.568 0.119 0.549 0.609   -1.0
0.459 0.749 0.660 0.274   1.0
0.675 0.012 0.288 0.404   -1.0
0.690 0.936 0.577 0.450   1.0
0.816 0.717 0.930 0.945   1.0
0.267 0.927 0.565 0.768   1.0
0.582 0.336 0.698 0.131   -1.0
0.011 0.590 0.693 0.672   -1.0
0.253 0.347 0.876 0.541   1.0
0.369 0.231 0.687 0.946   1.0
0.049 0.761 0.398 0.979   1.0
1.000 0.247 0.633 0.564   1.0
0.213 0.147 0.350 0.911   -1.0
0.294 0.923 0.868 0.987   1.0
0.732 0.240 0.941 0.607   1.0
0.692 0.977 0.012 0.379   1.0
0.693 0.428 0.684 0.091   -1.0
0.390 0.091 0.654 0.023   -1.0
0.668 0.236 0.802 0.018   -1.0
0.080 0.312 0.070 0.948   -1.0
0.664 0.680 0.539 0.605   1.0
0.321 0.297 0.264 0.333   -1.0
0.186 0.026 0.104 0.870   -1.0
0.511 0.259 0.208 0.164   -1.0
0.863 0.832 0.518 0.666   1.0
0.666 0.746 0.162 0.736   1.0
0.461 0.400 0.374 0.001   -1.0
0.661 0.322 0.302 0.925   1.0
0.978 0.111 0.680 0.082   1.0*
0.797 0.593 0.240 0.005   -1.0
0.523 0.869 0.590 0.041   1.0
0.440 0.707 0.280 0.602   1.0
0.974 0.063 0.843 0.348   1.0
0.848 0.010 0.386 0.150   -1.0
0.040 0.129 0.047 0.720   -1.0
0.028 0.517 0.804 0.268   -1.0
0.561 0.791 0.391 0.151   -1.0
0.925 0.591 0.540 0.205   1.0
0.982 0.179 0.255 0.825   1.0
0.320 0.673 0.538 0.705   1.0
0.473 0.745 0.952 0.520   1.0
0.162 0.548 0.981 0.966   1.0
0.503 0.527 0.607 0.894   1.0
0.440 0.819 0.269 0.980   1.0
0.461 0.962 0.203 0.716   1.0
0.731 0.036 0.460 0.268   -1.0
0.283 0.741 0.486 0.234   -1.0
0.950 0.396 0.809 0.932   1.0
0.625 0.435 0.889 0.232   1.0
0.567 0.672 0.148 0.836   1.0
0.171 0.297 0.614 0.374   -1.0
0.401 0.105 0.049 0.860   -1.0
0.790 0.143 0.115 0.276   -1.0
0.376 0.226 0.773 0.185   -1.0
0.135 0.810 0.593 0.025   -1.0
0.922 0.592 0.714 0.070   1.0
0.366 0.242 0.725 0.979   1.0
0.738 0.380 0.721 0.788   1.0
0.094 0.578 0.383 0.209   -1.0
0.760 0.584 0.080 0.533   -1.0
0.239 0.668 0.579 0.832   1.0
0.620 0.754 0.285 0.334   -1.0
0.713 0.700 0.066 0.438   -1.0
0.682 0.177 0.060 0.403   1.0*
0.300 0.497 0.543 0.683   1.0
0.397 0.442 0.291 0.477   1.0*
0.060 0.716 0.643 0.638   1.0
0.336 0.259 0.302 0.621   -1.0
0.126 0.334 0.293 0.192   -1.0
0.973 0.874 0.949 0.032   1.0
0.914 0.332 0.775 0.456   1.0
0.481 0.853 0.457 0.772   1.0
0.431 0.832 0.046 0.074   -1.0
0.593 0.410 0.729 0.895   1.0
0.322 0.021 0.364 0.615   -1.0
0.137 0.588 0.088 0.086   -1.0
0.365 1.000 0.952 0.140   1.0
0.967 0.621 0.309 0.423   1.0
0.639 0.855 0.225 0.685   1.0
0.695 0.279 0.339 0.423   -1.0
0.369 0.745 0.195 0.733   1.0
0.408 0.870 0.948 0.496   -1.0*
0.567 0.861 0.955 0.520   1.0
0.411 0.486 0.623 0.721   1.0
0.016 0.360 0.764 0.241   -1.0
0.693 0.936 0.324 0.032   -1.0
0.498 0.401 0.104 0.693   -1.0
0.464 0.101 0.003 0.411   -1.0
0.959 0.979 0.459 0.914   1.0
0.461 0.325 0.985 0.084   -1.0
0.894 0.100 0.406 0.658   1.0
0.451 0.352 0.277 0.775   -1.0
0.636 0.273 0.784 0.740   -1.0*
0.917 0.203 0.067 0.921   1.0
0.665 0.880 0.594 0.124   1.0
0.092 0.585 0.119 0.076   -1.0
0.164 0.971 0.768 0.570   1.0
0.109 0.021 0.981 0.386   -1.0
0.364 0.022 0.069 0.148   -1.0
0.035 0.065 0.965 0.102   1.0*
0.579 0.767 0.866 0.173   1.0
0.659 0.265 0.476 0.777   1.0
0.144 0.942 0.312 0.912   1.0
0.941 0.022 0.533 0.921   1.0
0.329 0.285 0.429 0.398   -1.0
0.191 0.433 0.498 0.155   -1.0
0.484 0.735 0.302 0.350   -1.0
0.193 0.009 0.172 0.669   -1.0
0.513 0.813 0.728 0.825   1.0
0.240 0.766 0.747 0.773   1.0
0.155 0.101 0.973 0.584   -1.0
0.406 0.775 0.932 0.904   1.0
0.467 0.388 0.665 0.769   1.0
0.572 0.963 0.746 0.744   1.0
0.533 0.258 0.444 0.260   -1.0
0.169 0.500 0.849 0.916   1.0
0.536 0.071 0.374 0.509   -1.0
0.874 0.914 0.430 0.806   1.0
0.360 0.273 0.206 0.025   -1.0
0.944 0.597 0.005 0.690   1.0
0.637 0.223 0.599 0.081   -1.0
0.682 0.250 0.983 0.531   1.0
0.256 0.067 0.238 0.630   -1.0
0.893 0.504 0.490 0.323   1.0
0.308 0.683 0.583 0.514   1.0
0.626 0.458 0.306 0.631   1.0
0.647 0.268 0.371 0.246   -1.0
0.854 0.929 0.599 0.837   1.0
0.766 0.093 0.527 0.004   -1.0
0.103 0.897 0.228 0.594   -1.0
0.538 0.902 0.903 0.121   1.0
0.612 0.747 0.875 0.917   1.0
0.023 0.564 0.646 0.394   -1.0
0.996 0.248 0.739 0.595   1.0
0.199 0.361 0.179 0.726   -1.0
0.903 0.829 0.261 0.131   1.0
0.481 0.668 0.325 0.384   -1.0
0.742 0.996 0.536 0.617   1.0
0.914 0.640 0.477 0.561   1.0
0.288 0.556 0.282 0.027   -1.0
0.367 0.226 0.512 0.546   1.0*
0.877 0.449 0.781 0.138   1.0
0.204 0.619 0.248 0.529   -1.0
0.037 0.271 0.999 0.573   -1.0
0.913 0.488 0.528 0.390   1.0
0.562 0.678 0.605 0.844   1.0
0.756 0.211 0.930 0.268   1.0
0.882 0.145 0.207 0.663   -1.0
0.787 0.867 0.901 0.034   1.0
0.905 0.072 0.668 0.904   1.0
0.556 0.817 0.132 0.084   -1.0
0.181 0.646 0.884 0.785   1.0
0.589 0.541 0.701 0.520   1.0
0.459 0.402 0.954 0.666   1.0
0.236 0.452 0.932 0.138   -1.0
0.329 0.042 0.558 0.997   -1.0
0.203 0.553 0.763 0.335   -1.0
0.969 0.516 0.283 0.854   1.0
0.772 0.443 0.842 0.474   -1.0*
0.651 0.933 0.364 0.605   1.0
0.429 0.841 0.051 0.361   1.0*
0.538 0.690 0.021 0.096   -1.0
0.967 0.300 0.240 0.730   1.0
0.877 0.699 0.151 0.160   -1.0
0.452 0.932 0.996 0.295   1.0
0.958 0.946 0.338 0.321   1.0
0.937 0.750 0.392 0.988   1.0
0.371 0.526 0.801 0.392   1.0
0.489 0.360 0.922 0.729   1.0
0.557 0.606 0.789 0.708   1.0
0.342 0.160 0.697 0.338   -1.0
0.103 0.296 0.400 0.442   -1.0
0.952 0.379 0.367 0.344   1.0
0.479 0.715 0.893 0.280   1.0
0.515 0.769 0.467 0.437   1.0
0.557 0.993 0.103 0.347   1.0
0.868 0.689 0.861 0.565   1.0
0.315 0.668 0.322 0.716   1.0
0.940 0.667 0.489 0.307   1.0
0.855 0.786 0.727 0.748   1.0
0.834 0.262 0.835 0.302   1.0
0.332 0.859 0.692 0.435   1.0
0.393 0.303 0.895 0.254   -1.0
0.922 0.569 0.536 0.244   1.0
0.646 0.184 0.952 0.135   -1.0
0.963 0.990 0.276 0.690   1.0
0.342 0.524 0.000 0.176   -1.0
0.699 0.508 0.685 0.392   1.0
0.891 0.785 0.246 0.786   1.0
0.114 0.707 0.608 0.650   -1.0*
0.893 0.297 0.135 0.846   1.0
0.626 0.809 0.422 0.902   1.0
0.160 0.244 0.024 0.160   -1.0
0.850 0.860 0.928 0.535   1.0
0.871 0.426 0.037 0.117   -1.0
0.076 0.230 0.918 0.684   -1.0
0.870 0.578 0.177 0.005   -1.0
0.608 0.631 0.233 0.030   -1.0
0.732 0.190 0.776 0.755   1.0
0.196 0.605 0.210 0.124   -1.0
0.462 0.995 0.565 0.499   1.0
0.776 0.575 0.341 0.695   1.0
0.222 0.565 0.837 0.398   1.0
0.260 0.007 0.200 0.493   -1.0
0.732 0.224 0.227 0.508   1.0*
0.578 0.704 0.585 0.789   1.0
0.724 0.251 0.822 0.290   1.0
0.933 0.066 0.324 0.275   -1.0
0.583 0.496 0.326 0.420   -1.0
0.895 0.680 0.901 0.096   1.0
0.939 0.828 0.397 0.166   1.0
0.376 0.744 0.040 0.961   1.0
0.867 0.685 0.783 0.689   -1.0*
0.533 0.622 0.041 0.857   1.0
0.802 0.440 0.393 0.127   -1.0
0.288 0.023 0.539 0.189   -1.0
0.712 0.128 0.946 0.109   -1.0
0.283 0.485 0.038 0.323   -1.0
0.571 0.190 0.131 0.354   -1.0
0.106 0.887 0.501 0.147   -1.0
0.398 0.949 0.184 0.791   1.0
0.043 0.079 0.099 0.583   -1.0
0.217 0.295 0.396 0.164   -1.0
0.690 0.446 0.888 0.728   1.0
0.334 0.299 0.959 0.466   1.0
0.838 0.572 0.540 0.339   1.0
0.284 0.737 0.668 0.467   1.0
0.744 0.511 0.608 0.844   1.0
0.876 0.061 0.388 0.272   -1.0
0.791 0.962 0.671 0.680   1.0
0.440 0.014 0.990 0.399   -1.0
0.643 0.237 0.052 0.182   -1.0
0.771 0.466 0.313 0.439   -1.0
0.842 0.184 0.444 0.450   -1.0
0.538 0.326 0.088 0.926   -1.0
0.313 0.717 0.560 0.984   1.0
0.251 0.424 0.411 0.241   -1.0
0.890 0.883 0.060 0.942   1.0
0.636 0.713 0.532 0.949   1.0
0.465 0.791 0.335 0.909   1.0
0.362 0.447 0.567 0.450   -1.0
0.165 0.763 0.090 0.725   -1.0
0.486 0.976 0.172 0.897   1.0
0.995 0.787 0.100 0.055   -1.0
0.165 0.691 0.442 0.697   -1.0
0.594 0.162 0.431 0.929   1.0
0.672 0.291 0.518 0.239   -1.0
0.890 0.403 0.505 0.980   1.0
0.252 0.466 0.104 0.424   -1.0
0.320 0.419 0.151 0.420   -1.0
0.879 0.585 0.165 0.321   -1.0
0.805 0.915 0.445 0.236   1.0
0.516 0.909 0.135 0.034   -1.0
0.877 0.924 0.551 0.382   1.0
0.679 0.635 0.371 0.783   1.0
0.734 0.104 0.477 0.885   1.0
0.951 0.764 0.109 0.116   -1.0
0.391 0.921 0.000 0.836   1.0
0.844 0.352 0.066 0.979   1.0
0.214 0.856 0.310 0.765   1.0
0.215 0.445 0.873 0.586   1.0
0.931 0.320 0.332 0.409   -1.0
0.855 0.360 0.969 0.964   1.0
0.054 0.355 0.397 0.054   -1.0
0.555 0.898 0.543 0.621   1.0
0.929 0.835 0.733 0.239   1.0
0.972 0.454 0.045 0.844   1.0
0.273 0.776 0.360 0.605   1.0
0.564 0.460 0.545 0.533   1.0
0.021 0.587 0.778 0.418   -1.0
0.969 0.973 0.540 0.512   1.0
0.417 0.441 0.429 0.151   -1.0
0.030 0.122 0.134 0.075   1.0*
0.174 0.348 0.742 0.534   1.0*
0.927 0.098 0.413 0.472   -1.0
0.836 0.492 0.218 0.615   1.0
0.860 0.584 0.883 0.399   1.0
0.477 0.817 0.537 0.906   -1.0*
0.217 0.936 0.089 0.352   -1.0
0.056 0.526 0.360 0.798   -1.0
0.313 0.725 0.157 0.725   -1.0
0.788 0.562 0.690 0.005   1.0
0.600 0.865 0.760 0.483   1.0
0.856 0.960 0.081 0.393   1.0
0.048 0.611 0.803 0.137   1.0*
0.815 0.193 0.488 0.175   1.0*
0.547 0.487 0.717 0.704   1.0
0.914 0.491 0.774 0.603   1.0
0.951 0.204 0.362 0.711   1.0
0.626 0.567 0.647 0.707   -1.0*
0.514 0.755 0.571 0.317   1.0
0.533 0.131 0.085 0.021   -1.0
0.076 0.568 0.793 0.793   1.0
0.006 0.707 0.763 0.781   1.0
0.260 0.731 0.514 0.622   1.0
0.201 0.248 0.009 0.847   1.0*
0.969 0.361 0.710 0.540   1.0
0.602 0.074 0.809 0.687   1.0
0.115 0.763 0.663 0.908   1.0
0.935 0.914 0.263 0.699   1.0
0.573 0.959 0.426 0.087   1.0
0.868 0.287 0.828 0.877   1.0
0.783 0.847 0.496 0.493   1.0
0.174 0.094 0.461 0.982   -1.0
0.556 0.097 0.544 0.219   -1.0
0.100 0.154 0.920 0.363   -1.0
0.615 0.936 0.812 0.041   1.0
0.392 0.909 0.310 0.220   -1.0
0.445 0.003 0.633 0.941   1.0
0.020 0.115 0.590 0.481   -1.0
0.371 0.037 0.194 0.915   -1.0
0.200 0.015 0.411 0.119   -1.0
0.264 0.734 0.314 0.075   -1.0
0.337 0.467 0.684 0.647   1.0
0.471 0.092 0.690 0.104   -1.0
0.186 0.124 0.147 0.776   -1.0
0.244 0.148 0.643 0.439   -1.0
0.899 0.638 0.078 0.309   -1.0
0.456 0.573 0.492 0.769   1.0
0.267 0.106 0.115 0.951   -1.0
0.802 0.422 0.845 0.493   1.0
0.878 0.679 0.651 0.025   1.0
0.256 0.270 0.603 0.899   1.0
0.665 0.798 0.347 0.743   1.0
0.105 0.199 0.680 0.597   1.0*
0.328 0.864 0.075 0.443   -1.0
0.827 0.245 0.237 0.672   -1.0
0.764 0.550 0.417 0.415   1.0
0.872 0.671 0.844 0.474   1.0
0.553 0.140 0.368 0.899   -1.0
0.475 0.004 0.082 0.155   -1.0
0.051 0.483 0.464 0.126   -1.0
0.279 0.953 0.171 0.516   -1.0
0.908 0.280 0.175 0.325   -1.0
0.750 0.197 0.366 0.594   -1.0
0.937 0.147 0.811 0.305   1.0
0.694 0.780 0.050 0.776   1.0
0.651 0.827 0.417 0.115   -1.0*
0.343 0.394 0.906 0.514   1.0
0.531 0.422 0.191 0.705   -1.0
0.886 0.455 0.944 0.252   1.0
0.615 0.189 0.195 0.426   -1.0
0.241 0.120 0.273 0.291   -1.0
0.208 0.942 0.724 0.625   1.0
0.677 0.968 0.450 0.582   1.0
0.361 0.113 0.904 0.551   -1.0
0.651 0.437 0.273 0.595   -1.0
0.322 0.210 0.879 0.518   -1.0
0.372 0.759 0.756 0.646   1.0
0.652 0.854 0.992 0.376   1.0
0.049 0.052 0.447 0.499   -1.0
0.929 0.860 0.748 0.833   1.0
0.566 0.484 0.848 0.840   1.0
0.538 0.162 0.289 0.416   -1.0
0.925 0.789 0.438 0.681   1.0
0.489 0.333 0.288 0.481   -1.0
0.768 0.529 0.761 0.215   1.0
0.396 0.144 0.888 0.144   1.0*
0.299 0.710 0.462 0.148   -1.0
0.541 0.686 0.711 0.831   1.0
0.391 0.756 0.891 0.829   1.0
0.325 0.318 0.770 0.614   1.0
0.479 0.381 0.328 0.241   -1.0
0.356 0.637 0.741 0.244   -1.0
0.718 0.543 0.490 0.180   -1.0
0.039 0.722 0.376 0.751   -1.0
0.478 0.142 0.309 0.369   1.0*
0.746 0.695 0.289 0.516   1.0
0.087 0.995 0.690 0.415   1.0
0.286 0.771 0.872 0.027   -1.0
0.653 0.745 0.558 0.143   1.0
0.249 0.182 0.648 0.625   -1.0
0.200 0.103 0.075 0.509   -1.0
0.045 0.255 0.167 0.334   -1.0
0.475 0.421 0.766 0.165   -1.0
0.002 0.451 0.606 0.875   -1.0
0.621 0.528 0.224 0.179   -1.0
0.149 0.427 0.853 0.797   1.0
0.786 0.997 0.155 0.861   1.0
0.628 0.906 0.761 0.795   1.0
0.533 0.270 0.661 0.299   -1.0
0.497 0.301 0.886 0.103   -1.0
0.365 0.724 0.704 0.588   1.0
0.374 0.738 0.330 0.227   -1.0
0.382 0.013 0.532 0.537   -1.0
0.038 0.165 0.780 0.800   1.0*
0.020 0.332 0.229 0.681   -1.0
0.665 0.178 0.933 0.551   1.0
0.109 0.916 0.005 0.813   -1.0
0.908 0.187 0.242 0.238   -1.0
0.776 0.619 0.427 0.308   1.0
0.301 0.346 0.321 0.080   -1.0
0.281 0.100 0.478 0.510   -1.0
0.110 0.175 0.959 0.042   -1.0
0.240 0.151 0.642 0.245   1.0*
0.146 0.153 0.151 0.388   -1.0
0.565 0.164 0.010 0.993   -1.0
0.166 0.293 0.819 0.487   -1.0
0.965 0.768 0.474 0.444   1.0
0.254 0.553 0.453 0.213   -1.0
0.179 0.453 0.747 0.820   1.0
0.711 0.966 0.850 0.863   1.0
0.240 0.428 0.519 0.250   -1.0
0.991 0.416 0.714 0.811   1.0
0.088 0.776 0.671 0.561   1.0
0.949 0.816 0.773 0.401   1.0
0.368 0.580 0.482 0.116   -1.0
0.179 0.827 0.367 0.029   -1.0
0.721 0.269 0.118 0.240   -1.0
0.539 0.231 0.935 0.253   -1.0
0.838 0.341 0.817 0.508   1.0
0.037 0.457 0.718 0.809   1.0
0.747 0.178 0.439 0.229   -1.0
0.839 0.408 0.120 0.206   -1.0
0.810 0.927 0.706 0.929   1.0
0.225 0.468 0.397 0.159   -1.0
0.439 0.997 0.062 0.256   -1.0
0.964 0.293 0.963 0.683   1.0
0.822 0.430 0.280 0.260   -1.0
0.574 0.099 0.066 0.694   -1.0
0.502 0.504 0.231 0.208   -1.0
0.398 0.433 0.901 0.795   1.0
0.622 0.234 0.589 0.684   1.0
0.095 0.648 0.784 0.057   -1.0
0.886 0.879 0.760 0.167   1.0
0.418 0.740 0.238 0.484   -1.0
0.543 0.986 0.939 0.775   1.0
0.372 0.172 0.627 0.273   1.0*
0.219 0.895 0.201 0.808   1.0
0.692 0.903 0.226 0.476   -1.0*
0.557 0.362 0.839 0.317   1.0
0.979 0.736 0.269 0.217   1.0
0.704 0.760 0.206 0.643   1.0
0.401 0.015 0.707 0.028   -1.0
0.674 0.247 0.182 0.876   -1.0
0.760 0.567 0.959 0.987   1.0
0.919 0.544 0.405 0.759   1.0
0.933 0.737 0.597 0.202   -1.0*
0.816 0.906 0.714 0.022   1.0
0.249 0.423 0.563 0.956   1.0
0.850 0.630 0.698 0.032   1.0
0.754 0.793 0.073 0.713   1.0
0.116 0.632 0.323 0.521   -1.0
0.184 0.454 0.128 0.781   -1.0
0.082 0.597 0.562 0.796   1.0
0.110 0.045 0.043 0.673   -1.0
0.494 0.524 0.631 0.192   -1.0
0.137 0.946 0.349 0.210   -1.0
0.128 0.326 0.291 0.451   -1.0
0.681 0.635 0.300 0.809   1.0
0.956 0.891 0.013 0.518   1.0
0.633 0.629 0.731 0.675   1.0
0.732 0.169 0.826 0.363   1.0
0.382 0.500 0.307 0.731   -1.0
0.965 0.859 0.036 0.256   1.0
0.882 0.937 0.946 0.182   1.0
0.362 0.139 0.636 0.375   -1.0
0.323 0.007 0.286 0.055   -1.0
0.588 0.787 0.851 0.414   1.0
0.212 0.796 0.651 0.518   1.0
0.361 0.483 0.386 0.396   -1.0
0.696 0.279 0.676 0.642   1.0
0.422 0.003 0.599 0.058   -1.0
0.257 0.381 0.385 0.543   -1.0
0.067 0.131 0.223 0.918   -1.0
0.373 0.130 0.342 0.024   -1.0
0.869 0.385 0.132 0.255   -1.0
0.871 0.951 0.060 0.547   1.0
0.520 0.968 0.596 0.120   1.0
0.974 0.376 0.408 0.359   1.0
0.844 0.426 0.050 0.067   -1.0
0.595 0.441 0.475 0.937   1.0
0.123 0.806 0.849 0.254   1.0
0.630 0.125 0.011 0.690   -1.0
0.604 0.210 0.640 0.199   -1.0
0.667 0.173 0.706 0.075   -1.0
0.625 0.920 0.958 0.675   -1.0*
0.303 0.270 0.427 0.777   -1.0
0.892 0.900 0.013 0.741   1.0
0.073 0.371 0.279 0.085   -1.0
0.951 0.688 0.272 0.591   1.0
0.602 0.258 0.061 0.308   -1.0
0.593 0.933 0.252 0.551   1.0
0.239 0.853 0.879 0.667   1.0
0.086 0.559 0.530 0.099   -1.0
0.685 0.172 0.672 0.964   1.0
0.733 0.915 0.945 0.004   1.0
0.833 0.606 0.764 0.894   1.0
0.097 0.486 0.847 0.349   -1.0
0.455 0.588 0.890 0.334   1.0
0.521 0.420 0.814 0.051   -1.0
0.114 0.736 0.691 0.785   1.0
0.948 0.518 0.615 0.893   1.0
0.121 0.726 0.129 0.885   -1.0
0.043 0.981 0.106 0.890   1.0
0.143 0.345 0.919 0.033   -1.0
0.174 0.554 0.099 0.988   -1.0
0.618 0.101 0.341 0.310   -1.0
0.042 0.257 0.405 0.657   -1.0
0.928 0.778 0.876 0.057   1.0
0.495 0.100 0.644 0.601   1.0*
0.975 0.743 0.335 0.893   1.0
0.014 0.067 0.330 0.114   -1.0
0.935 0.732 0.156 0.277   1.0
0.043 0.318 0.299 0.448   1.0*
0.450 0.376 0.753 0.325   -1.0
0.416 0.821 0.533 0.060   -1.0
0.523 0.035 0.164 0.858   -1.0
0.941 0.872 0.995 0.271   -1.0*
0.050 0.206 0.718 0.206   -1.0
0.760 0.248 0.801 0.060   -1.0
0.776 0.509 0.073 0.529   -1.0
0.506 0.945 0.655 0.040   1.0
0.076 0.563 0.040 0.241   -1.0
0.969 0.181 0.293 0.964   1.0
0.279 0.014 0.658 0.998   -1.0
0.141 0.758 0.468 0.941   1.0
0.164 0.717 0.327 0.237   -1.0
0.162 0.743 0.191 0.817   -1.0
0.196 0.894 0.346 0.237   -1.0
0.767 0.205 0.316 0.060   -1.0
0.768 0.339 0.183 0.426   -1.0
0.402 0.567 0.095 0.870   -1.0
0.913 0.034 0.225 0.240   -1.0
0.470 0.402 0.015 0.661   -1.0
0.798 0.857 0.114 0.144   -1.0
0.248 0.911 0.299 0.564   -1.0*
0.468 0.333 0.309 0.652   -1.0
0.646 0.054 0.326 0.741   -1.0
0.834 0.654 0.958 0.059   1.0
0.230 0.530 0.297 0.245   -1.0
0.516 0.043 0.048 0.630   -1.0
0.142 0.878 0.097 0.441   -1.0
0.068 0.909 0.776 0.377   1.0
0.535 0.023 0.615 0.861   1.0
0.539 0.695 0.419 0.497   1.0
0.313 0.727 0.284 0.610   1.0*
0.475 0.127 0.015 0.523   -1.0
0.202 0.664 0.635 0.299   -1.0
0.078 0.367 0.014 0.854   -1.0
0.575 0.388 0.768 0.190   -1.0
0.532 0.729 0.945 0.951   1.0
0.700 0.264 0.953 0.984   1.0
0.925 0.459 0.001 0.940   -1.0*
0.758 0.142 0.645 0.393   -1.0
0.750 0.471 0.809 0.764   1.0
0.553 0.339 0.713 0.320   -1.0
0.962 0.853 0.258 0.907   1.0
0.484 0.607 0.068 0.437   -1.0
0.943 0.363 0.049 0.944   1.0
0.031 0.702 0.445 0.676   -1.0
0.887 0.426 0.565 0.696   1.0
0.889 0.249 0.530 0.601   1.0
0.059 0.563 0.422 0.317   -1.0
0.226 0.800 0.078 0.294   -1.0
0.669 0.237 0.600 0.718   1.0
0.904 0.748 0.882 0.349   1.0
0.977 0.236 0.851 0.542   1.0
0.041 0.430 0.181 0.571   -1.0
0.750 0.630 0.595 0.171   1.0
0.066 0.397 0.747 0.144   -1.0
0.985 0.812 0.928 0.585   1.0
0.109 0.489 0.279 0.992   -1.0
0.703 0.968 0.074 0.554   1.0
0.006 0.595 0.940 0.187   -1.0
0.972 0.936 0.796 0.567   1.0
0.742 0.633 0.505 0.489   1.0
0.196 0.474 0.589 0.124   -1.0
0.120 0.234 0.548 0.398   -1.0
0.386 0.102 0.194 0.460   -1.0
0.704 0.466 0.250 0.644   1.0
0.416 0.616 0.589 0.212   -1.0
0.696 0.954 0.816 0.201   1.0
0.593 0.397 0.918 0.182   1.0
0.977 0.302 0.755 0.525   1.0
0.981 0.911 0.802 0.174   1.0
0.457 0.878 0.836 0.708   1.0
0.489 0.124 0.138 0.077   -1.0
0.321 0.774 0.291 0.137   1.0*
0.735 0.730 0.372 0.652   1.0
0.893 0.629 0.215 0.649   1.0
0.915 0.629 0.064 0.717   1.0
0.435 0.174 0.682 0.271   -1.0
0.204 0.760 0.006 0.342   -1.0
0.343 0.663 0.611 0.634   1.0
0.586 0.368 0.531 0.957   1.0
0.443 0.851 0.650 0.658   1.0
0.803 0.573 0.129 0.868   1.0
0.932 0.303 0.464 0.614   1.0
0.346 0.817 0.335 0.352   -1.0
0.172 0.695 0.822 0.783   1.0
0.623 0.369 0.697 0.153   -1.0
0.717 0.597 0.177 0.367   -1.0
0.677 0.170 0.827 0.805   1.0
0.117 0.738 0.341 0.580   -1.0
0.915 0.926 0.169 0.250   1.0
0.328 0.422 0.973 0.150   -1.0
0.302 0.773 0.574 0.999   1.0
0.901 0.716 0.523 0.079   1.0
0.778 0.755 0.253 0.605   1.0
0.291 0.722 0.299 0.632   -1.0
0.650 0.547 0.229 0.819   1.0
0.507 0.147 0.219 0.480   -1.0
0.424 0.782 0.070 0.999   1.0
0.997 0.900 0.496 0.520   -1.0*
0.579 0.297 0.734 0.832   1.0
0.294 0.123 0.624 0.593   -1.0
0.926 0.243 0.302 0.155   -1.0
0.099 0.662 0.209 0.317   -1.0
0.506 0.741 0.924 0.576   1.0
0.704 0.573 0.640 0.201   1.0
0.618 0.780 0.390 0.351   1.0
0.292 0.646 0.734 0.916   1.0
0.489 0.843 0.481 0.791   -1.0*
0.543 0.889 0.660 0.752   1.0
0.801 0.258 0.948 0.725   1.0
0.688 0.430 0.408 0.328   -1.0
0.500 0.946 0.410 0.890   1.0
0.021 0.183 0.943 0.756   -1.0
0.181 0.244 0.942 0.663   1.0
0.940 0.206 0.924 0.599   -1.0*
0.131 0.401 0.215 0.079   -1.0
0.050 0.767 0.556 0.457   -1.0
0.186 0.958 0.041 0.596   -1.0
0.338 0.617 0.031 0.280   -1.0
0.130 0.462 0.617 0.072   -1.0
0.652 0.012 0.330 0.577   -1.0
0.287 0.708 0.012 0.502   -1.0
0.138 0.552 0.554 0.694   -1.0
0.649 0.880 0.967 0.690   1.0
0.815 0.028 0.093 0.845   -1.0
0.466 0.975 0.770 0.083   1.0
0.894 0.735 0.060 0.223   -1.0
0.671 0.511 0.019 0.683   -1.0
0.806 0.822 0.565 0.360   1.0
0.574 0.009 0.396 0.541   -1.0
0.872 0.356 0.727 0.965   1.0
0.035 0.430 0.177 0.804   -1.0
0.224 0.698 0.248 0.284   -1.0
0.560 0.955 0.432 0.579   1.0
0.445 0.385 0.460 0.010   -1.0
0.976 0.585 0.754 0.372   1.0
0.453 0.244 0.482 0.180   -1.0
0.683 0.214 0.639 0.860   1.0
0.152 0.084 0.716 0.400   -1.0
0.637 0.960 0.323 0.069   -1.0
0.961 0.514 0.924 0.422   1.0
0.669 0.398 0.109 0.423   -1.0
0.234 0.876 0.013 0.716   -1.0
0.222 0.399 0.270 0.860   -1.0
0.288 0.012 0.343 0.004   -1.0
0.711 0.641 0.371 0.034   -1.0
0.910 0.995 0.225 0.834   1.0
0.749 0.503 0.815 0.858   1.0
0.584 0.092 0.803 0.598   1.0
0.859 0.819 0.207 0.129   1.0
0.466 0.417 0.691 0.809   1.0
0.103 0.520 0.063 0.474   -1.0
0.773 0.384 0.549 0.998   1.0
0.966 0.747 0.722 0.781   1.0
0.649 0.365 0.697 0.452   -1.0*
0.505 0.311 0.783 0.712   1.0
0.462 0.178 0.857 0.153   1.0*
0.278 0.256 0.507 0.340   -1.0
0.061 0.114 0.114 0.610   -1.0
0.333 0.576 0.858 0.055   -1.0
0.463 0.704 0.723 0.159   1.0
0.686 0.664 0.467 0.468   1.0
0.906 0.930 0.554 0.763   1.0
0.541 0.041 0.340 0.048   -1.0
0.070 0.109 0.495 0.184   -1.0
0.606 0.517 0.295 0.464   -1.0
0.653 0.927 0.276 0.375   1.0
0.432 0.061 0.751 0.899   1.0
0.127 0.805 0.460 0.681   1.0
0.544 0.222 0.609 0.884   1.0
0.990 0.953 0.380 0.485   1.0
0.099 0.091 0.655 0.394   -1.0
0.227 0.047 0.483 0.503   -1.0
0.569 0.935 0.484 0.320   1.0
0.014 0.447 0.639 0.474   -1.0
0.207 0.018 0.350 0.816   -1.0
0.621 0.806 0.855 0.001   1.0
0.992 0.100 0.382 0.647   1.0
0.937 0.874 0.541 0.420   1.0
0.964 0.989 0.312 0.447   1.0
0.146 0.461 0.756 0.785   1.0
0.884 0.992 0.953 0.234   1.0
0.854 0.855 0.614 0.709   1.0
0.904 0.702 0.956 0.286   1.0
0.451 0.223 0.223 0.992   -1.0
0.600 0.955 0.632 0.912   1.0
0.942 0.057 0.864 0.697   1.0
0.798 0.581 0.834 0.751   1.0
0.642 0.605 0.671 0.256   1.0
0.527 0.160 0.016 0.484   -1.0
0.365 0.934 0.669 0.588   1.0
0.312 0.187 0.882 0.945   1.0
0.284 0.886 0.156 0.148   -1.0
0.998 0.946 0.165 0.833   1.0
0.980 0.475 0.302 0.651   1.0
0.617 0.179 0.890 0.633   1.0
0.336 0.998 0.597 0.005   -1.0
0.523 0.317 0.772 0.404   1.0
0.871 0.689 0.148 0.027   -1.0
0.732 0.025 0.782 0.897   1.0
0.479 0.877 0.333 0.781   1.0
0.063 0.398 0.707 0.953   1.0
0.369 0.290 0.028 0.966   -1.0
0.614 0.489 0.612 0.386   1.0
0.874 0.257 0.582 0.022   -1.0
0.418 0.754 0.309 0.200   -1.0
0.167 0.680 0.527 0.500   -1.0
0.056 0.563 0.859 0.763   1.0
0.890 0.132 0.806 0.918   1.0
0.101 0.532 0.586 0.713   -1.0
0.479 0.587 0.175 0.061   -1.0
0.459 0.479 0.363 0.768   1.0
0.014 0.935 0.359 0.542   -1.0
0.820 0.597 0.999 0.679   1.0
0.515 0.569 0.491 0.321   -1.0
0.589 0.422 0.020 0.175   -1.0
0.938 0.654 0.722 0.113   1.0
0.331 0.572 0.194 0.695   -1.0
0.873 0.709 0.275 0.232   1.0
0.711 0.052 0.848 0.709   1.0
0.207 0.224 0.301 0.699   -1.0
0.789 0.288 0.967 0.809   1.0
0.102 0.747 0.118 0.824   -1.0
0.833 0.155 0.431 0.027   -1.0
0.771 0.900 0.559 0.046   1.0
0.809 0.757 0.185 0.657   1.0
0.917 0.864 0.690 0.218   1.0
0.235 0.007 0.851 0.202   -1.0
0.314 0.304 0.563 0.432   -1.0
0.422 0.265 0.283 0.854   -1.0
0.132 0.625 0.192 0.691   -1.0
0.325 0.500 0.428 0.510   -1.0
0.894 0.427 0.021 0.584   -1.0
0.585 0.819 0.653 0.436   1.0
0.469 0.750 0.325 0.031   -1.0
0.453 0.454 0.447 0.736   1.0
0.739 0.868 0.932 0.931   1.0
0.603 0.256 0.060 0.030   -1.0
0.217 0.924 0.194 0.238   -1.0
0.839 0.823 0.327 0.491   1.0
0.348 0.960 0.008 0.674   1.0*
0.190 0.127 0.445 0.637   -1.0
0.752 0.376 0.730 0.684   1.0
0.290 0.287 0.563 0.349   -1.0
0.330 0.566 0.241 0.523   -1.0
0.749 0.362 0.626 0.076   -1.0
0.885 0.424 0.814 0.893   1.0
0.805 0.084 0.224 0.250   -1.0
0.087 0.002 0.097 0.817   -1.0
0.404 0.107 0.973 0.968   1.0
0.291 0.298 0.022 0.532   -1.0
0.825 0.280 0.183 0.452   -1.0
0.037 0.337 0.780 0.850   1.0
0.877 0.655 0.314 0.102   -1.0
0.035 0.188 0.907 0.132   -1.0
0.594 0.536 0.112 0.567   -1.0
0.568 0.858 0.801 0.590   1.0
0.622 0.415 0.670 0.805   1.0
0.026 0.842 0.204 0.805   -1.0
0.434 0.683 0.347 0.748   1.0
0.252 0.782 0.973 0.159   1.0
0.978 0.753 0.450 0.090   1.0
0.954 0.659 0.178 0.755   1.0
0.567 0.377 0.664 0.237   -1.0
0.531 0.263 0.025 0.735   -1.0
0.717 0.169 0.751 0.064   -1.0
0.535 0.316 0.699 0.508   1.0
0.613 0.486 0.228 0.063   -1.0
0.548 0.016 0.235 0.726   -1.0
0.483 0.294 0.149 0.147   -1.0
0.332 0.677 0.794 0.356   1.0
0.863 0.073 0.581 0.614   1.0
0.498 0.149 0.453 0.197   -1.0
0.928 0.809 0.142 0.156   1.0
0.718 0.704 0.889 0.953   1.0
0.660 0.436 0.724 0.809   1.0
0.255 0.141 0.260 0.049   -1.0
0.672 0.912 0.571 0.253   1.0
0.708 0.751 0.674 0.160   1.0
0.331 0.088 0.758 0.473   -1.0
0.630 0.191 0.948 0.518   1.0
0.379 0.179 0.579 0.103   1.0*
0.162 0.358 0.130 0.421   -1.0
0.627 0.093 0.319 0.198   -1.0
0.844 0.906 0.098 0.519   1.0
0.046 0.849 0.155 0.804   -1.0
0.399 0.434 0.513 0.347   1.0*
0.656 0.726 0.131 0.236   -1.0
0.119 0.397 0.187 0.249   -1.0
0.594 0.876 0.912 0.913   1.0
0.259 0.758 0.980 0.357   1.0
0.047 0.403 0.125 0.201   -1.0
0.447 0.600 0.641 0.960   1.0
0.593 0.616 0.673 0.724   1.0
0.502 0.843 0.249 0.689   1.0
0.068 0.283 0.968 0.980   1.0
0.043 0.239 0.953 0.023   -1.0
0.230 0.070 1.000 0.355   -1.0
0.207 0.802 0.871 0.848   1.0
0.818 0.441 0.378 0.492   1.0
0.230 0.993 0.009 0.479   -1.0
0.101 0.548 0.965 0.069   -1.0
0.160 0.112 0.767 0.114   -1.0
0.363 0.343 0.205 0.363   -1.0
0.476 0.570 0.500 0.347   -1.0
0.262 0.165 0.859 0.640   -1.0
0.024 0.870 0.650 0.033   -1.0
0.332 0.134 0.897 0.297   -1.0
0.425 0.458 0.316 0.192   -1.0
0.451 0.555 0.915 0.656   1.0
0.613 0.131 0.487 0.113   -1.0
0.905 0.375 0.644 0.764   1.0
0.300 0.788 0.886 0.951   1.0
0.235 0.283 0.955 0.133   -1.0
0.158 0.558 0.038 0.474   -1.0
0.609 0.924 0.304 0.524   1.0
0.221 0.137 0.712 0.708   -1.0
0.190 0.613 0.626 0.833   1.0
0.641 0.134 0.164 0.527   -1.0
0.985 0.763 0.368 0.940   1.0
0.948 0.098 0.453 0.986   1.0
0.202 0.595 0.496 0.506   -1.0
0.076 0.726 0.257 0.788   -1.0
0.508 0.977 0.047 0.134   -1.0
0.423 0.775 0.945 0.587   1.0
0.029 0.572 0.065 0.397   -1.0
0.960 0.345 0.610 0.413   1.0
0.181 0.614 0.927 0.677   1.0
0.046 0.753 0.846 0.303   -1.0
0.281 0.811 0.518 0.327   -1.0
0.329 0.751 0.720 0.273   1.0
0.022 0.302 0.910 0.087   -1.0
0.422 0.047 0.044 0.032   -1.0
0.375 0.213 0.073 0.302   -1.0
0.193 0.348 0.643 0.040   -1.0
0.184 0.320 0.463 0.702   -1.0
0.408 0.030 0.398 0.127   -1.0
0.736 0.149 0.606 0.646   1.0
0.305 0.068 0.283 0.349   -1.0
0.742 0.724 0.314 0.815   1.0
0.204 0.008 0.375 0.847   -1.0
0.027 0.031 0.368 0.489   -1.0
0.016 0.897 0.763 0.414   1.0
0.066 0.150 0.174 0.672   -1.0
0.410 0.977 0.865 0.693   1.0
0.965 0.435 0.050 0.279   -1.0
0.076 0.482 0.258 0.451   -1.0
0.306 0.477 0.360 0.674   1.0*
0.093 0.690 0.864 0.856   1.0
0.888 0.922 0.254 0.062   1.0
0.050 0.472 0.571 0.915   1.0
0.896 0.880 0.600 0.946   1.0
0.849 0.022 0.641 0.108   -1.0
0.970 0.414 0.950 0.331   1.0
0.917 0.424 0.779 0.780   1.0
0.883 0.669 0.202 0.137   -1.0
0.797 0.187 0.204 0.368   -1.0
0.369 0.264 0.982 0.969   1.0
0.140 0.818 0.233 0.781   -1.0
0.705 0.751 0.339 0.656   1.0
0.428 0.572 0.506 0.206   -1.0
0.785 0.089 0.021 0.988   -1.0
0.753 0.784 0.413 0.956   1.0
0.515 0.325 0.416 0.497   -1.0
0.626 0.637 0.112 0.859   1.0
0.037 0.564 0.169 0.377   -1.0
0.251 0.804 0.792 0.756   1.0
0.144 0.542 0.100 0.166   -1.0
0.325 0.918 0.314 0.739   1.0
0.465 0.254 0.199 0.881   -1.0
0.493 0.507 0.388 0.605   -1.0
0.806 0.642 0.930 0.975   1.0
0.149 0.226 0.823 0.941   -1.0*
0.834 0.085 0.524 0.934   1.0
0.053 0.259 0.170 0.367   1.0*
0.044 0.832 0.252 0.244   -1.0
0.003 0.737 0.220 0.391   -1.0
0.586 0.197 0.983 0.516   1.0
0.002 0.665 0.398 0.825   -1.0
0.380 0.659 0.691 0.904   1.0
0.942 0.958 0.852 0.112   1.0
0.850 0.156 0.157 0.101   -1.0
0.870 0.104 0.136 0.090   -1.0
0.478 0.676 0.691 0.461   1.0
0.863 0.463 0.856 0.261   1.0
0.462 0.642 0.948 0.153   1.0
0.541 0.095 0.504 0.393   -1.0
0.828 0.243 0.363 0.985   1.0
0.762 0.855 0.448 0.898   1.0
0.943 0.376 0.622 0.634   1.0
0.814 0.498 0.300 0.670   1.0
0.588 0.132 0.401 0.536   -1.0
0.946 0.077 0.380 0.450   -1.0
0.586 0.279 0.714 0.949   1.0
0.058 0.711 0.120 0.507   -1.0
0.065 0.450 0.985 0.687   1.0
0.822 0.501 0.582 0.122   1.0
0.341 0.710 0.304 0.741   1.0
0.589 0.688 0.324 0.968   1.0
0.795 0.555 0.417 0.508   1.0
0.681 0.566 0.215 0.800   1.0
0.824 0.865 0.523 0.809   1.0
0.607 0.631 0.054 0.188   -1.0
0.226 0.529 0.463 0.529   -1.0
0.710 0.118 0.957 0.034   -1.0
0.095 0.828 0.641 0.512   1.0
0.145 0.192 0.903 0.359   1.0*
0.976 0.183 0.858 0.499   -1.0*
0.411 0.105 0.624 0.465   -1.0
0.377 0.690 0.822 0.840   1.0
0.092 0.550 0.337 0.049   -1.0
0.424 0.145 0.412 0.064   -1.0
0.749 0.209 0.849 0.652   1.0
0.841 0.628 0.751 0.699   1.0
0.744 0.110 0.231 0.368   -1.0
0.525 0.745 0.265 0.347   -1.0
0.485 0.438 0.135 0.822   -1.0
0.718 0.246 0.632 0.131   -1.0
0.289 0.879 0.519 0.137   -1.0
0.088 0.979 0.159 0.839   1.0
0.285 0.583 0.788 0.517   -1.0*
0.363 0.041 0.695 0.629   -1.0
0.280 0.114 0.826 0.415   -1.0
0.314 0.133 0.182 0.946   -1.0
0.492 0.234 0.143 0.011   -1.0
0.674 0.099 0.350 0.833   -1.0
0.029 0.118 0.521 0.817   -1.0
0.471 0.180 0.676 0.167   -1.0
0.063 0.447 0.923 0.889   1.0
0.858 0.203 0.995 0.040   1.0
0.258 0.532 0.383 0.401   -1.0
0.754 0.075 0.641 0.105   -1.0
0.579 0.133 0.026 0.100   1.0*
0.661 0.571 0.130 0.337   -1.0
0.939 0.400 0.184 0.862   1.0
0.046 0.720 0.492 0.040   -1.0
0.640 0.298 0.292 0.023   -1.0
0.835 0.777 0.775 0.476   1.0
0.683 0.055 0.015 0.709   -1.0
0.965 0.370 0.726 0.096   1.0
0.464 0.035 0.106 0.648   -1.0
0.396 0.693 0.617 0.887   1.0
0.377 0.528 0.032 0.669   -1.0
0.731 0.504 0.328 0.506   -1.0*
0.210 0.189 0.035 0.225   -1.0
0.190 0.190 0.268 0.916   -1.0
0.975 0.380 0.321 0.081   -1.0
0.218 0.477 0.721 0.835   1.0
0.455 0.212 0.892 0.487   1.0
0.443 0.218 0.386 0.771   -1.0
0.366 0.980 0.914 0.401   1.0
0.812 0.592 0.396 0.080   -1.0
0.682 0.055 0.888 0.002   -1.0
0.916 0.220 0.614 0.637   1.0
0.978 0.092 0.267 0.870   1.0
0.149 0.313 0.797 0.535   -1.0
0.522 0.900 0.064 0.435   -1.0
0.269 0.247 0.893 0.665   1.0
0.401 0.346 0.382 0.289   -1.0
0.519 0.205 0.569 0.133   -1.0
0.624 0.111 0.934 0.892   -1.0*
0.513 0.041 0.294 0.310   -1.0
0.377 0.832 0.475 0.441   1.0
0.777 0.710 0.514 0.670   1.0
0.841 0.071 0.721 0.224   -1.0
0.070 0.743 0.565 0.639   1.0
0.407 0.263 0.986 0.341   -1.0
0.967 0.854 0.195 0.261   1.0
0.770 0.638 0.997 0.245   1.0
0.264 0.022 0.789 0.778   -1.0
0.164 0.619 0.763 0.885   1.0
0.122 0.955 0.585 0.687   1.0
0.461 0.093 0.856 0.447   -1.0
0.010 0.413 0.288 0.205   -1.0
0.453 0.975 0.312 0.449   1.0
0.391 0.713 0.242 0.180   -1.0
0.934 0.344 0.110 0.697   1.0
0.953 0.819 0.184 0.539   1.0
0.777 0.999 0.599 0.633   1.0
0.033 0.644 0.859 0.322   -1.0
0.534 0.774 0.824 0.845   1.0
0.044 0.236 0.937 0.287   -1.0
0.428 0.221 0.760 0.538   -1.0
0.989 0.491 0.736 0.173   1.0
0.242 0.950 0.030 0.841   1.0
0.476 0.875 0.228 0.335   -1.0
0.076 0.869 0.970 0.900   1.0
0.194 0.944 0.951 0.130   1.0
0.367 0.558 0.452 0.127   -1.0
0.369 0.117 0.588 0.105   -1.0
0.618 0.348 0.240 0.648   -1.0
0.824 0.124 0.063 0.051   -1.0
0.259 0.128 0.327 0.230   -1.0
0.042 0.423 0.972 0.992   1.0
0.203 0.359 0.112 0.655   -1.0
0.208 0.024 0.603 0.796   -1.0
0.893 0.414 0.476 0.133   -1.0
0.665 0.957 0.185 0.729   1.0
0.644 0.988 0.136 0.971   1.0
0.164 0.013 0.641 0.137   -1.0
0.195 0.340 0.364 0.307   1.0*
0.851 0.515 0.018 0.454   -1.0
0.147 0.347 0.724 0.623   -1.0
0.786 0.288 0.437 0.971   1.0
0.446 0.615 0.005 0.582   -1.0
0.222 0.747 0.599 0.863   1.0
0.604 0.058 0.223 0.968   -1.0
0.217 0.819 0.879 0.235   1.0
0.190 0.382 0.620 0.914   1.0
0.100 0.700 0.294 0.538   -1.0
0.311 0.983 0.285 0.316   -1.0
0.871 0.538 0.312 0.470   1.0
0.196 0.074 0.460 0.419   -1.0
0.824 0.636 0.862 0.703   1.0
0.135 0.893 0.254 0.755   1.0
0.259 0.855 0.506 0.553   1.0
0.177 0.864 0.376 0.462   -1.0
0.942 0.334 0.718 0.254   1.0
0.119 0.450 0.878 0.579   1.0
0.920 0.403 0.505 0.782   1.0
0.377 0.917 0.999 0.631   1.0
0.806 0.890 0.528 0.313   1.0
0.920 0.490 0.307 0.297   -1.0*
0.486 0.239 0.285 0.204   -1.0
0.089 0.323 0.943 0.967   1.0
0.812 0.887 0.305 0.318   1.0
0.412 0.695 0.586 0.411   1.0
0.258 0.217 0.217 0.785   -1.0
0.660 0.706 0.019 0.967   1.0
0.971 0.453 0.241 0.256   -1.0
0.735 0.345 0.981 0.678   1.0
0.883 0.490 0.199 0.188   -1.0
0.868 0.600 0.503 0.453   1.0
0.830 0.711 0.228 0.046   -1.0
0.758 0.706 0.202 0.777   1.0
0.205 0.748 0.126 0.446   -1.0
0.784 0.181 0.350 0.765   1.0
0.662 0.648 0.349 0.861   1.0
0.157 0.728 0.436 0.661   -1.0
0.447 0.491 0.893 0.676   1.0
0.389 0.434 0.243 0.591   -1.0
0.916 0.796 0.959 0.042   1.0
0.964 0.826 0.422 0.313   1.0
0.281 0.975 0.238 0.630   1.0
0.074 0.788 0.564 0.510   -1.0
0.746 0.958 0.939 0.638   1.0
0.476 0.027 0.067 0.719   -1.0
0.278 0.635 0.414 0.237   -1.0
0.656 0.201 0.503 0.078   -1.0
0.094 0.359 0.489 0.332   1.0*
0.325 0.406 0.777 0.889   1.0
0.226 0.635 0.874 0.165   -1.0
0.507 0.641 0.301 0.574   1.0
0.920 0.852 0.995 0.334   1.0
0.673 0.990 0.290 0.176   1.0
0.804 0.270 0.428 0.293   -1.0
0.417 0.619 0.008 0.194   -1.0
0.924 0.420 0.143 0.798   1.0
0.417 0.305 0.226 0.718   -1.0
0.586 0.638 0.731 0.581   -1.0*
0.821 0.254 0.962 0.110   1.0
0.030 0.914 0.700 0.458   1.0
0.302 0.875 0.826 0.310   1.0
0.334 0.234 0.490 0.477   -1.0
0.075 0.895 0.337 0.301   -1.0
0.217 0.887 0.251 0.948   1.0
0.224 0.769 0.722 0.186   -1.0
0.152 0.216 0.793 0.852   1.0
0.000 0.154 0.550 0.826   -1.0
0.620 0.160 0.698 0.110   -1.0
0.730 0.185 0.532 0.068   -1.0
0.145 0.284 0.373 0.397   -1.0
0.841 0.620 0.002 0.563   1.0
0.881 0.715 0.022 0.674   1.0
0.697 0.674 0.721 0.246   1.0
0.185 0.866 0.661 0.883   -1.0*
0.299 0.614 0.161 0.831   -1.0
0.646 0.976 0.966 0.019   1.0
0.198 0.860 0.993 0.200   1.0
0.799 0.081 0.137 0.821   -1.0
0.704 0.518 0.428 0.426   1.0
0.929 0.611 0.631 0.590   1.0
0.607 0.888 0.108 0.767   1.0
0.789 0.414 0.695 0.755   1.0
0.068 0.953 0.292 0.061   -1.0
0.715 0.860 0.234 0.852   1.0
0.988 0.556 0.199 0.417   -1.0*
0.964 0.345 0.593 0.594   1.0
0.088 0.201 0.823 0.196   1.0*
0.542 0.985 0.382 0.237   1.0
0.814 0.305 0.693 0.107   -1.0
0.846 0.821 0.226 0.080   -1.0
0.907 0.068 0.230 0.107   -1.0
0.212 0.070 0.830 0.805   -1.0
0.765 0.893 0.866 0.588   1.0
0.834 0.131 0.074 0.216   -1.0
0.813 0.030 0.673 0.506   1.0
0.040 0.352 0.958 0.266   -1.0
0.632 0.173 0.500 0.861   1.0
0.984 0.073 0.350 0.814   1.0
0.015 0.579 0.772 0.881   1.0
0.861 0.715 0.298 0.934   1.0
0.666 0.748 0.961 0.339   1.0
0.098 0.379 0.606 0.057   -1.0
0.038 0.688 0.817 0.538   1.0
0.097 0.522 0.623 0.447   -1.0
0.502 0.462 0.915 0.273   1.0
0.083 0.134 0.058 0.381   -1.0
0.989 0.047 0.816 0.950   1.0
0.070 0.049 0.765 0.676   -1.0
0.409 0.715 0.793 0.227   1.0
0.343 0.324 0.775 0.966   1.0
0.112 0.467 0.232 0.027   -1.0
0.575 0.110 0.874 0.633   1.0
0.942 0.621 0.538 0.758   1.0
0.924 0.828 0.620 0.689   1.0
0.725 0.098 0.220 0.518   -1.0
0.473 0.861 0.649 0.248   1.0
0.419 0.360 0.294 0.652   -1.0
0.034 0.227 0.498 0.908   -1.0
0.988 0.851 0.480 0.526   1.0
0.052 0.450 0.437 0.672   -1.0
0.942 0.397 0.237 0.162   -1.0
0.562 0.634 0.777 0.211   1.0
0.603 0.630 0.242 0.897   1.0
0.630 0.931 0.508 0.127   1.0
0.367 0.116 0.690 0.848   1.0
0.298 0.900 0.092 0.736   1.0
0.230 0.678 0.969 0.467   1.0
0.885 0.029 0.473 0.661   1.0
0.355 0.265 0.869 0.598   1.0
0.151 0.227 0.093 0.659   -1.0
0.932 0.026 0.470 0.622   1.0
0.112 0.920 0.773 0.203   1.0
0.345 0.434 0.333 0.314   -1.0
0.172 0.198 0.930 0.646   -1.0
0.169 0.001 0.124 0.039   -1.0
0.286 0.189 0.826 0.379   -1.0
0.180 0.311 0.874 0.650   1.0
0.747 0.762 0.852 0.520   -1.0*
0.508 0.864 0.399 0.841   1.0
0.300 0.014 0.376 0.229   -1.0
0.235 0.399 0.661 0.360   -1.0
0.260 0.646 0.627 0.086   -1.0
0.475 0.266 0.336 0.348   -1.0
0.268 0.095 0.678 0.121   -1.0
0.643 0.629 0.479 0.042   -1.0
0.656 0.342 0.484 0.032   -1.0
0.144 0.268 0.970 0.804   1.0
0.407 0.064 0.274 0.034   -1.0
0.299 0.508 0.415 0.635   -1.0
0.331 0.903 0.951 0.009   1.0
0.566 0.652 0.653 0.045   -1.0
0.123 0.701 0.036 0.607   -1.0
0.607 0.751 0.001 0.577   -1.0
0.628 0.984 0.619 0.902   1.0
0.768 0.201 0.526 0.184   -1.0
0.383 0.515 0.738 0.334   -1.0
0.762 0.900 0.176 0.414   1.0
0.871 0.537 0.646 0.907   1.0
0.379 0.513 0.895 0.380   1.0
0.450 0.008 0.074 0.068   -1.0
0.092 0.837 0.111 0.619   -1.0
0.946 0.002 0.535 0.684   1.0
0.059 0.446 0.236 0.236   -1.0
0.182 0.106 0.398 0.828   -1.0
0.542 0.207 0.526 0.436   -1.0
0.617 0.886 0.595 0.691   -1.0*
0.506 0.783 0.791 0.617   1.0
0.812 0.563 0.404 0.347   1.0
0.740 0.406 0.693 0.976   1.0
0.554 0.158 0.748 0.952   -1.0*
0.761 0.493 0.192 0.287   -1.0
0.779 0.903 0.816 0.374   1.0
0.770 0.880 0.377 0.562   1.0
0.779 0.373 0.060 0.183   -1.0
0.307 0.923 0.126 0.000   -1.0
0.768 0.554 0.057 0.515   -1.0
0.042 0.276 0.999 0.234   -1.0
0.929 0.013 0.466 0.745   1.0
0.060 0.515 0.268 0.438   -1.0
0.765 0.217 0.450 0.825   1.0
0.170 0.132 0.322 0.296   -1.0
0.221 0.064 0.687 0.278   -1.0
0.193 0.320 0.855 0.192   -1.0
0.418 0.121 0.567 0.884   -1.0
0.954 0.945 0.381 0.222   1.0
0.457 0.987 0.599 0.907   1.0
0.999 0.078 0.944 0.321   1.0
0.076 0.543 0.438 0.763   -1.0
0.017 0.955 0.140 0.872   -1.0
0.694 0.290 0.268 0.260   -1.0
0.134 0.215 0.119 0.514   -1.0
0.501 0.972 0.424 0.100   -1.0
0.235 0.099 0.957 0.179   -1.0
0.331 0.255 0.963 0.768   1.0
0.783 0.785 0.973 0.923   1.0
0.121 0.617 0.947 0.389   1.0
0.122 0.522 0.092 0.241   -1.0
0.529 0.742 0.009 0.952   1.0
0.888 0.188 0.941 0.845   1.0
0.362 0.176 0.622 0.325   -1.0
0.640 0.109 0.729 0.613   1.0
0.386 0.734 0.649 0.334   1.0
0.527 0.455 0.645 0.619   1.0
0.682 0.147 0.438 0.691   -1.0
0.280 0.579 0.288 0.222   -1.0
0.655 0.583 0.600 0.277   1.0
0.545 0.916 0.017 0.274   -1.0
0.049 0.661 0.263 0.698   1.0*
0.385 0.225 0.450 0.030   -1.0
0.146 0.711 0.991 0.584   1.0
0.091 0.864 0.981 0.379   1.0
0.405 0.033 0.669 0.005   -1.0
0.577 0.550 0.226 0.594   -1.0
0.755 0.643 0.485 0.018   -1.0
0.479 0.403 0.566 0.929   1.0
0.410 0.075 0.144 0.400   -1.0
0.546 0.491 0.523 0.526   1.0
0.608 0.931 0.903 0.277   1.0
0.213 0.855 0.487 0.439   -1.0
0.311 0.194 0.092 0.796   -1.0
0.434 0.276 0.615 0.000   -1.0
0.048 0.410 0.280 0.192   -1.0
0.939 0.737 0.301 0.462   1.0
0.171 0.070 0.195 0.074   -1.0
0.132 0.286 0.201 0.618   -1.0
0.650 0.930 0.919 0.743   1.0
0.131 0.177 0.001 0.746   -1.0
0.206 0.793 0.587 0.486   -1.0*
0.397 0.425 0.722 0.698   1.0
0.986 0.869 0.956 0.181   1.0
0.303 0.312 0.229 0.505   -1.0
0.954 0.155 0.860 0.872   1.0
0.586 0.003 0.074 0.587   -1.0
0.251 0.794 0.542 0.838   1.0
0.527 0.235 0.705 0.249   -1.0
0.592 0.235 0.802 0.548   1.0
0.744 0.851 0.728 0.973   1.0
0.658 0.927 0.511 0.518   1.0
0.409 0.104 0.802 0.483   -1.0
0.551 0.734 0.485 0.093   -1.0
0.764 0.620 0.807 0.469   1.0
0.740 0.061 0.104 0.542   -1.0
0.519 0.287 0.460 0.247   -1.0
0.816 0.905 0.187 0.327   1.0
0.986 0.736 0.527 0.788   1.0
0.218 0.339 0.953 0.703   1.0
0.525 0.467 0.052 0.332   -1.0
0.921 0.072 0.998 0.024   1.0
0.607 0.544 0.901 0.067   1.0
0.161 0.883 0.695 0.348   1.0
0.119 0.333 0.946 0.646   1.0
0.165 0.864 0.460 0.117   -1.0
0.892 0.642 0.034 0.943   -1.0*
0.971 0.864 0.047 0.968   1.0
0.661 0.575 0.432 0.562   1.0
0.222 0.723 0.525 0.918   1.0
0.736 0.037 0.404 0.682   -1.0
0.525 0.846 0.546 0.985   -1.0*
0.113 0.877 0.606 0.147   -1.0
0.581 0.118 0.684 0.627   1.0
0.573 0.289 0.661 0.005   -1.0
0.303 0.227 0.574 0.829   -1.0
0.645 0.564 0.182 0.049   -1.0
0.864 0.574 0.092 0.410   -1.0
0.056 0.523 0.437 0.662   -1.0
0.257 0.243 0.788 0.941   1.0
0.874 0.514 0.159 0.536   1.0
0.010 0.839 0.746 0.585   1.0
0.891 0.230 0.233 0.072   -1.0
0.479 0.936 0.853 0.571   1.0
0.413 0.627 0.869 0.849   1.0
0.540 0.106 0.532 0.328   -1.0
0.403 0.202 0.561 0.562   -1.0
0.080 0.572 0.577 0.825   1.0
0.245 0.716 0.386 0.478   -1.0
0.665 0.956 0.725 0.518   1.0
0.071 0.931 0.155 0.941   1.0
0.444 0.480 0.887 0.976   1.0
0.934 0.379 0.010 0.496   -1.0
0.748 0.575 0.512 0.325   1.0
0.669 0.571 0.117 0.055   -1.0
0.905 0.720 0.005 0.630   1.0
0.533 0.701 0.169 0.687   1.0
0.949 0.131 0.121 0.836   1.0
0.929 0.770 0.486 0.939   1.0
0.426 0.687 0.841 0.938   1.0
0.242 0.607 0.584 0.358   -1.0
0.632 0.263 0.381 0.637   -1.0
0.619 0.170 0.593 0.787   1.0
0.234 0.737 0.988 0.356   1.0
0.096 0.285 0.343 0.581   -1.0
0.609 0.007 0.912 0.450   -1.0
0.924 0.692 0.552 0.508   1.0
0.213 0.140 0.313 0.594   -1.0
0.206 0.213 0.947 0.799   -1.0*
0.805 0.033 0.736 0.793   1.0
0.309 0.889 0.674 0.652   1.0
0.898 0.261 0.477 0.810   1.0
0.422 0.734 0.403 0.974   1.0
0.453 0.187 0.382 0.766   -1.0
0.159 0.972 0.994 0.107   1.0
0.994 0.912 0.805 0.730   1.0
0.194 0.039 0.593 0.868   -1.0
0.063 0.766 0.952 0.541   1.0
0.663 0.963 0.310 0.066   1.0
0.552 0.519 0.125 0.934   1.0
0.906 0.093 0.258 0.900   1.0
0.030 0.894 0.112 0.835   -1.0
0.817 0.029 0.663 0.410   -1.0
0.354 0.473 0.663 0.306   -1.0
0.238 0.969 0.977 0.548   1.0
0.914 0.100 0.554 0.039   -1.0
0.840 0.945 0.128 0.098   1.0
0.328 0.127 0.739 0.440   1.0*
0.363 0.256 0.991 0.026   -1.0
0.887 0.379 0.140 0.550   -1.0
0.154 0.788 0.654 0.131   -1.0
0.689 0.045 0.437 0.243   -1.0
0.471 0.082 0.028 0.599   -1.0
0.873 0.927 0.307 0.612   1.0
0.269 0.975 0.623 0.260   1.0
0.289 0.147 0.380 0.429   -1.0
0.065 0.583 0.486 0.719   -1.0
0.822 0.408 0.758 0.259   1.0
0.842 0.731 0.733 0.870   1.0
0.913 0.744 0.256 0.220   1.0
0.622 0.489 0.331 0.245   -1.0
0.331 0.534 0.897 0.711   -1.0*
0.594 0.776 0.546 0.080   -1.0
0.260 0.902 0.902 0.018   1.0
0.553 0.860 0.893 0.285   1.0
0.222 0.198 0.474 0.478   -1.0
0.830 0.100 0.907 0.161   -1.0
0.657 0.492 0.879 0.554   1.0
0.843 0.148 0.979 0.389   1.0
0.474 0.649 0.131 0.377   -1.0
0.293 0.929 0.527 0.185   -1.0
0.257 0.407 0.413 0.731   -1.0
0.831 0.561 0.985 0.738   1.0
0.330 0.395 0.214 0.209   -1.0
0.417 0.051 0.097 0.397   -1.0
0.326 0.871 0.089 0.456   -1.0
0.756 0.749 0.177 0.283   -1.0
0.392 0.540 0.341 0.804   1.0
0.226 0.635 0.833 0.211   -1.0
0.555 0.541 0.768 0.769   1.0
0.717 0.186 0.801 0.815   1.0
0.241 0.140 0.454 0.330   -1.0
0.702 0.087 0.346 0.879   1.0
0.280 0.270 0.910 0.622   1.0
0.182 0.848 0.710 0.015   -1.0
0.083 0.569 0.600 0.851   1.0
0.349 0.568 0.524 0.150   -1.0
0.107 0.391 0.523 0.561   -1.0
0.120 0.263 0.808 0.466   -1.0
0.178 0.746 0.412 0.088   -1.0
0.487 0.270 0.216 0.196   -1.0
0.275 0.279 0.854 0.875   1.0
0.192 0.224 0.697 0.716   -1.0
0.080 0.824 0.765 0.602   1.0
0.486 0.722 0.648 0.294   1.0
0.789 0.472 0.934 0.201   1.0
0.302 0.688 0.829 0.518   1.0
0.114 0.793 0.163 0.968   1.0
0.292 0.160 0.892 0.989   1.0
0.265 0.069 0.699 0.030   -1.0
0.084 0.516 0.394 0.732   -1.0
0.582 0.522 0.282 0.516   -1.0
0.841 0.818 0.411 0.670   1.0
0.295 0.784 0.129 0.458   -1.0
0.797 0.750 0.912 0.688   1.0
0.787 0.954 0.808 0.487   -1.0*
0.479 0.571 0.500 0.873   1.0
0.310 0.455 0.825 0.592   -1.0*
0.547 0.433 0.788 0.958   1.0
0.124 0.253 0.887 0.253   -1.0
0.639 0.050 0.461 0.551   -1.0
0.200 0.338 0.692 0.008   -1.0
0.675 0.488 0.396 0.175   -1.0
0.699 0.485 0.816 0.523   1.0
0.786 0.071 0.510 0.574   -1.0
0.613 0.699 0.282 0.500   -1.0*
0.993 0.140 0.002 0.454   -1.0
0.740 0.654 0.029 0.431   -1.0
0.854 0.107 0.150 0.250   -1.0
0.511 0.949 0.768 0.326   1.0
0.845 0.113 0.543 0.354   -1.0
0.572 0.967 0.386 0.854   1.0
0.337 0.847 0.607 0.339   1.0
0.298 0.078 0.955 0.327   -1.0
0.617 0.181 0.616 0.767   1.0
0.899 0.278 0.380 0.666   1.0
0.852 0.511 0.717 0.396   1.0
0.404 0.968 0.833 0.790   1.0
0.300 0.127 0.669 0.907   1.0
0.970 0.205 0.544 0.925   1.0
0.054 0.542 0.714 0.670   -1.0
0.145 0.569 0.587 0.525   -1.0
0.191 0.377 0.746 0.908   1.0
0.612 0.312 0.741 0.444   1.0
0.563 0.745 0.228 0.232   -1.0
0.694 0.202 0.857 0.238   -1.0
0.390 0.292 0.669 0.103   1.0*
0.978 0.248 0.532 0.564   1.0
0.767 0.755 0.150 0.513   1.0
0.923 0.125 0.975 0.664   1.0
0.076 0.226 0.314 0.305   -1.0
0.966 0.999 0.660 0.823   1.0
0.787 0.213 0.530 0.456   -1.0
0.493 0.434 0.564 0.024   1.0*
0.337 0.791 0.753 0.487   1.0
0.416 0.410 0.429 0.391   -1.0
0.999 0.468 0.300 0.312   1.0
0.758 0.278 0.771 0.419   1.0
0.008 0.206 0.314 0.538   -1.0
0.630 0.030 0.096 0.195   -1.0
0.093 0.532 0.846 0.847   1.0
0.151 0.263 0.429 0.580   -1.0
0.503 0.579 0.122 0.803   1.0
0.895 0.561 0.169 0.666   -1.0*
0.270 0.674 0.186 0.584   -1.0
0.848 0.214 0.242 0.944   1.0
0.297 0.037 0.940 0.143   -1.0
0.960 0.294 0.146 0.389   -1.0
0.801 0.892 0.453 0.923   1.0
0.344 0.818 0.256 0.513   -1.0
0.236 0.783 0.157 0.422   -1.0
0.369 0.271 0.580 0.611   -1.0
0.989 0.908 0.251 0.929   1.0
0.135 0.889 0.344 0.281   -1.0
0.218 0.082 0.170 0.670   -1.0
0.864 0.014 0.823 0.121   -1.0
0.306 0.357 0.309 0.463   -1.0
0.675 0.831 0.050 0.256   -1.0
0.264 0.245 0.350 0.515   -1.0
0.400 0.650 0.063 0.744   -1.0
0.341 0.962 0.012 0.510   -1.0
0.017 0.375 0.646 0.840   -1.0
0.173 0.146 0.852 0.482   -1.0
0.632 0.157 0.440 0.682   -1.0
0.882 0.946 0.657 0.231   1.0
0.831 0.631 0.111 0.894   1.0
0.041 0.235 0.337 0.054   -1.0
0.970 0.071 0.120 0.616   -1.0
0.616 0.788 0.057 0.468   -1.0
0.665 0.100 0.427 0.105   -1.0
0.839 0.987 0.728 0.497   1.0
0.189 0.328 0.849 0.299   -1.0
0.225 0.341 0.458 0.562   -1.0
0.203 0.531 0.465 0.324   -1.0
0.376 0.940 0.935 0.433   1.0
0.205 0.098 0.508 0.632   -1.0
0.290 0.471 0.190 0.018   1.0*
0.408 0.207 0.296 0.257   -1.0
0.518 0.481 0.847 0.976   1.0
0.241 0.179 0.574 0.707   -1.0
0.721 0.083 0.443 0.657   -1.0
0.851 0.862 0.614 0.359   1.0
0.818 0.649 0.965 0.007   1.0
0.933 0.415 0.874 0.229   1.0
0.380 0.747 0.153 0.228   -1.0
0.196 0.469 0.903 0.771   1.0
0.406 0.492 0.258 0.849   1.0
0.774 0.700 0.011 0.389   -1.0
0.505 0.207 0.708 0.470   -1.0
0.375 0.403 0.629 0.249   -1.0
0.301 0.629 0.379 0.454   -1.0
0.102 0.651 0.325 0.005   -1.0
0.501 0.411 0.914 0.759   1.0
0.063 0.533 0.960 0.074   -1.0
0.018 0.578 0.129 0.726   -1.0
0.343 0.100 0.450 0.972   -1.0
0.082 0.273 0.978 0.461   -1.0
0.835 0.563 0.378 0.160   -1.0
0.799 0.661 0.979 0.713   1.0
0.239 0.776 0.954 0.199   1.0
0.876 0.217 0.429 0.005   -1.0
0.477 0.347 0.043 0.927   -1.0
0.392 0.009 0.592 0.371   -1.0
0.319 0.206 0.033 0.697   -1.0
0.601 0.496 0.027 0.580   -1.0
0.448 0.820 0.986 0.401   1.0
0.836 0.277 0.236 0.265   -1.0
0.179 0.741 0.629 0.222   -1.0
0.948 0.615 0.677 0.540   -1.0*
0.147 0.859 0.191 0.180   -1.0
0.557 0.781 0.053 0.585   -1.0
0.263 0.032 0.181 0.249   -1.0
0.199 0.085 0.711 0.435   -1.0
0.992 0.613 0.091 0.621   1.0
0.759 0.569 0.450 0.437   1.0
0.435 0.584 0.968 0.627   1.0
0.525 0.184 0.544 0.577   -1.0
0.905 0.840 0.801 0.086   1.0
0.234 0.285 0.173 0.945   -1.0
0.523 0.937 0.333 0.614   1.0
0.169 0.373 0.127 0.619   -1.0
0.236 0.054 0.394 0.204   -1.0
0.157 0.729 0.864 0.702   1.0
0.633 0.607 0.146 0.433   -1.0
0.235 0.668 0.978 0.408   1.0
0.697 0.931 0.549 0.031   1.0
0.107 0.199 0.919 0.233   -1.0
0.729 0.469 0.872 0.123   1.0
0.553 0.280 0.403 0.417   1.0*
0.709 0.050 0.589 0.856   1.0
0.282 0.091 0.151 0.260   -1.0
0.763 0.957 0.431 0.312   -1.0*
0.976 0.419 0.187 0.895   1.0
0.005 0.624 0.122 0.877   -1.0
0.795 0.430 0.027 0.198   -1.0
0.009 0.907 0.897 0.598   1.0
0.381 0.880 0.854 0.532   1.0
0.353 0.295 0.097 0.783   -1.0
0.084 0.759 0.026 0.271   -1.0
0.678 0.276 0.278 0.800   1.0
0.025 0.595 0.582 0.052   -1.0
0.429 0.060 0.700 0.326   -1.0
0.463 0.707 0.538 0.317   1.0
0.677 0.670 0.534 0.774   1.0
0.141 0.858 0.212 0.167   -1.0
0.866 0.846 0.405 0.145   1.0
0.557 0.169 0.241 0.139   -1.0
0.034 0.568 0.281 0.735   -1.0
0.939 0.198 0.601 0.477   1.0
0.840 0.154 0.184 0.374   -1.0
0.637 0.515 0.785 0.849   1.0
0.914 0.715 0.528 0.319   1.0
0.174 0.876 0.029 0.415   -1.0
0.250 0.449 0.583 0.532   -1.0
0.478 0.471 0.382 0.079   -1.0
0.896 0.919 0.102 0.081   -1.0
0.030 0.718 0.808 0.815   1.0
0.490 0.729 0.282 0.018   -1.0
0.142 0.192 0.924 0.171   -1.0
0.939 0.422 0.056 0.522   1.0*
0.239 1.000 0.424 0.621   1.0
0.372 0.518 0.998 0.474   1.0
0.291 0.503 0.316 0.098   -1.0
0.883 0.588 0.047 0.165   -1.0
0.095 0.307 0.798 0.019   -1.0
0.404 0.957 0.900 0.460   1.0
0.853 0.699 0.479 0.277   1.0
0.558 0.649 0.838 0.556   1.0
0.436 0.846 0.626 0.752   1.0
0.945 0.635 0.533 0.992   1.0
0.139 0.087 0.107 0.937   -1.0
0.585 0.341 0.063 0.485   -1.0
0.542 0.338 0.500 0.021   -1.0
0.821 0.579 0.264 0.659   1.0
0.387 0.095 0.981 0.013   -1.0
0.926 0.958 0.483 0.459   -1.0*
0.282 0.599 0.037 0.389   -1.0
0.143 0.974 0.877 0.206   1.0
0.678 0.749 0.796 0.178   1.0
0.411 0.999 0.349 0.675   1.0
0.484 0.062 0.754 0.465   -1.0
0.601 0.391 0.033 0.084   -1.0
0.983 0.366 0.449 0.020   -1.0
0.985 0.163 0.728 0.862   1.0
0.187 0.540 0.118 0.983   -1.0
0.888 0.393 0.717 0.237   1.0
0.376 0.721 0.130 0.129   -1.0
0.204 0.731 0.577 0.237   -1.0
0.427 0.220 0.181 0.876   -1.0
0.935 0.861 0.403 0.664   1.0
0.773 0.851 0.262 0.891   1.0
0.980 0.779 0.226 0.698   1.0
0.295 0.073 0.736 0.424   -1.0
0.922 0.628 0.933 0.499   1.0
0.747 0.926 0.086 0.928   1.0
0.326 0.863 0.663 0.729   1.0
0.386 0.502 0.378 0.648   -1.0
0.211 0.629 0.172 0.437   -1.0
0.188 0.732 0.399 0.924   1.0
0.602 0.846 0.785 0.535   1.0
0.650 0.282 0.270 0.736   -1.0
0.073 0.061 0.074 0.736   -1.0
0.601 0.122 0.292 0.979   -1.0
0.684 0.190 0.398 0.856   1.0
0.725 0.044 0.359 0.124   1.0*
0.515 0.726 0.813 0.300   1.0
0.158 0.950 0.543 0.428   1.0
0.753 0.501 0.747 0.827   1.0
0.537 0.428 0.358 0.828   1.0
0.128 0.513 0.596 0.526   -1.0
0.224 0.251 0.412 0.583   -1.0
0.380 0.098 0.101 0.193   -1.0
0.362 0.351 0.348 0.905   -1.0
0.033 0.658 0.280 0.780   -1.0
0.517 0.317 0.912 0.875   1.0
0.319 0.003 0.658 0.915   -1.0
0.027 0.139 0.780 0.439   -1.0
0.156 0.819 0.820 0.257   1.0
0.218 0.619 0.363 0.566   -1.0
0.143 0.599 0.182 0.423   -1.0
0.666 0.940 0.696 0.579   1.0
0.841 0.898 0.819 0.499   1.0
0.348 0.525 0.952 0.129   1.0*
0.674 0.284 0.784 0.494   1.0
0.796 0.712 0.160 0.159   -1.0
0.683 0.302 0.877 0.865   1.0
0.256 0.531 0.666 0.951   1.0
0.482 0.792 0.007 0.301   -1.0
0.820 0.649 0.816 0.773   1.0
0.781 0.447 0.061 0.564   -1.0
0.602 0.360 0.653 0.762   1.0
0.931 0.445 0.822 0.807   1.0
0.548 0.063 0.841 0.215   -1.0
0.951 0.697 0.806 0.958   -1.0*
0.096 0.779 0.646 0.912   1.0
0.423 0.693 0.998 0.485   1.0
0.939 0.087 0.618 0.592   1.0
0.137 0.522 0.294 0.960   -1.0
0.604 0.508 0.392 0.445   -1.0
0.406 0.396 0.419 0.212   -1.0
0.416 0.308 0.133 0.062   -1.0
0.684 0.485 0.914 0.682   -1.0*
0.172 0.621 0.057 0.789   -1.0
0.905 0.927 0.735 0.199   1.0
0.065 0.804 0.394 0.457   -1.0
0.117 0.863 0.645 0.536   1.0
0.999 0.952 0.383 0.132   1.0
0.604 0.816 0.499 0.518   1.0
0.469 0.690 0.120 0.525   -1.0
0.333 0.431 0.406 0.069   -1.0
0.292 0.133 0.434 0.687   -1.0
0.683 0.803 0.453 0.328   1.0
0.528 0.327 0.291 0.912   1.0
0.304 0.516 0.275 0.803   -1.0
0.774 0.272 0.724 0.894   1.0
0.203 0.228 0.228 0.609   -1.0
0.858 0.901 0.429 0.292   1.0
0.020 0.974 0.391 0.473   -1.0
0.730 0.001 0.629 0.020   -1.0
0.088 0.325 0.429 0.363   -1.0
0.463 0.138 0.400 0.187   -1.0
0.197 0.390 0.260 0.425   1.0*
0.556 0.283 0.900 0.985   1.0
0.488 0.005 0.549 0.879   -1.0
0.850 0.608 0.479 0.479   1.0
0.393 0.567 0.953 0.822   1.0
0.082 0.285 0.068 0.482   -1.0
0.100 0.679 0.862 0.359   -1.0
0.861 0.915 0.387 0.761   1.0
0.961 0.248 0.905 0.510   1.0
0.383 0.360 0.735 0.862   1.0
0.364 0.255 0.406 0.317   -1.0
0.336 0.399 0.361 0.404   -1.0
0.833 0.504 0.559 0.695   1.0
0.663 0.556 0.777 0.050   1.0
0.677 0.012 0.565 0.582   -1.0
0.692 0.965 0.882 0.428   1.0
0.721 0.792 0.081 0.128   -1.0
0.157 0.464 0.508 0.519   -1.0
0.388 0.352 0.372 0.948   1.0
0.234 0.611 0.603 0.012   -1.0
0.921 0.689 0.673 0.486   1.0
0.195 0.178 0.236 0.077   -1.0
0.062 0.798 0.398 0.143   -1.0
0.507 0.301 0.390 0.014   -1.0
0.258 0.403 0.171 0.630   -1.0
0.218 0.864 0.962 0.822   1.0
0.623 0.742 0.565 0.297   1.0
0.836 0.491 0.407 0.071   -1.0
0.013 0.134 0.367 0.410   -1.0
0.293 0.917 0.578 0.683   1.0
0.397 0.941 0.334 0.568   1.0
0.685 0.787 0.436 0.646   1.0
0.312 0.270 0.351 0.877   -1.0
0.580 0.713 0.058 0.986   1.0
0.626 0.999 0.918 0.993   1.0
0.195 0.286 0.326 0.772   1.0*
0.257 0.169 0.910 0.591   -1.0
0.481 0.276 0.524 0.917   1.0
0.133 0.229 0.192 0.484   -1.0
0.759 0.064 0.818 0.817   1.0
0.602 0.443 0.049 0.520   -1.0
0.458 0.714 0.722 0.784   1.0
0.690 0.042 0.655 0.600   -1.0
0.393 0.081 0.909 0.917   -1.0*
0.831 0.050 0.226 0.024   -1.0
0.331 0.783 0.597 0.149   -1.0
0.647 0.751 0.043 0.696   1.0
0.479 0.154 0.985 0.201   -1.0
0.471 0.891 0.980 0.127   1.0
0.613 0.519 0.571 0.521   1.0
0.569 0.353 0.486 0.795   1.0
0.020 0.127 0.159 0.617   -1.0
0.759 0.264 0.027 0.802   1.0*
0.298 0.281 0.114 0.283   -1.0
0.052 0.754 0.372 0.032   -1.0
0.863 0.644 0.400 0.434   1.0
0.837 0.003 0.518 0.323   -1.0
0.895 0.343 0.925 0.054   -1.0*
0.201 0.813 0.224 0.228   -1.0
0.184 0.527 0.895 0.298   -1.0
0.376 0.350 0.564 0.748   1.0
0.446 0.610 0.026 0.846   -1.0
0.191 0.683 0.047 0.709   -1.0
0.845 0.604 0.348 0.770   1.0
0.308 0.971 0.471 0.532   1.0
0.085 0.716 0.727 0.980   1.0
0.537 0.355 0.364 0.101   -1.0
0.745 0.546 0.713 0.771   1.0
0.758 0.962 0.075 0.805   1.0
0.081 0.650 0.276 0.429   -1.0
0.934 0.737 0.392 0.405   1.0
0.592 0.489 0.985 0.319   1.0
0.999 0.855 0.824 0.363   -1.0*
0.927 0.108 0.503 0.641   1.0
0.895 0.399 0.841 0.971   1.0
0.512 0.051 0.854 0.788   1.0
0.275 0.722 0.218 0.667   -1.0
0.487 0.259 0.616 0.473   -1.0
0.085 0.472 0.434 0.909   -1.0
0.390 0.837 0.943 0.893   1.0
0.822 0.788 0.877 0.663   1.0
0.080 0.175 0.810 0.934   1.0*
0.291 0.209 0.685 0.509   -1.0
0.812 0.996 0.135 0.428   1.0
0.714 0.513 0.940 0.147   1.0
0.775 0.537 0.260 0.718   1.0
0.738 0.539 0.218 0.614   1.0
0.977 0.694 0.377 0.786   1.0
0.341 0.077 0.837 0.026   -1.0
0.714 0.838 0.581 0.849   1.0
0.050 0.562 0.780 0.990   1.0
0.203 0.764 0.247 0.462   -1.0
0.677 0.200 0.021 0.895   -1.0
0.223 0.871 0.508 0.601   1.0
0.137 0.942 0.735 0.974   -1.0*
0.320 0.688 0.806 0.901   1.0
0.073 0.951 0.099 0.853   -1.0
0.809 0.055 0.705 0.056   -1.0
0.187 0.732 0.717 0.209   -1.0
0.531 0.432 0.498 0.040   -1.0
0.155 0.177 0.974 0.890   1.0
0.942 0.210 0.839 0.749   1.0
0.375 0.821 0.063 0.475   -1.0
0.004 0.283 0.729 0.709   -1.0
0.246 0.896 0.071 0.964   1.0
0.698 0.495 0.537 0.195   -1.0
0.570 0.351 0.711 0.545   1.0
0.862 0.487 0.451 0.701   1.0
0.562 0.076 0.057 0.625   -1.0
0.731 0.629 0.834 0.460   1.0
0.173 0.706 0.234 0.244   -1.0
0.339 0.942 0.165 0.876   1.0
0.699 0.446 0.488 0.411   -1.0*
0.729 0.273 0.478 0.179   1.0*
0.714 0.742 0.049 0.770   1.0
0.600 0.501 0.996 0.434   -1.0*
0.333 0.607 0.666 0.567   1.0
0.336 0.906 0.792 0.501   1.0
0.929 0.200 0.229 0.417   -1.0
0.220 0.145 0.883 0.698   -1.0
0.857 0.412 0.067 0.906   1.0
0.434 0.506 0.683 0.429   1.0
0.643 0.763 0.546 0.310   1.0
0.397 0.646 0.236 0.189   -1.0
0.019 0.118 0.347 0.248   -1.0
0.958 0.469 0.680 0.842   1.0
0.005 0.698 0.579 0.072   -1.0
0.761 0.505 0.110 0.444   -1.0
0.049 0.087 0.698 0.596   -1.0
0.028 0.992 0.043 0.264   -1.0
0.190 0.283 0.299 0.537   -1.0
0.834 0.495 0.001 0.514   -1.0
0.168 0.519 0.035 0.746   -1.0
0.639 0.507 0.096 0.749   1.0*
0.031 0.799 0.039 0.728   -1.0
0.436 0.756 0.387 0.479   1.0
