0.888 0.013 0.987 0.844   1.0
0.636 0.295 0.855 0.349   1.0
0.646 0.695 0.015 0.310   -1.0
0.699 0.977 0.030 0.492   1.0
0.787 0.616 0.854 0.219   1.0
0.825 0.573 0.172 0.867   1.0
0.070 0.755 0.074 0.057   -1.0
0.838 0.693 0.895 0.693   1.0
0.157 0.339 0.737 0.173   -1.0
0.416 0.871 0.627 0.446   1.0
0.545 0.233 0.980 0.399   1.0
0.612 0.224 0.025 0.785   -1.0
0.085 0.855 0.847 0.159   -1.0
0.446 0.996 0.605 0.341   1.0
0.647 0.499 0.029 0.383   -1.0
0.678 0.799 0.543 0.305   1.0
0.907 0.850 0.478 0.886   1.0
0.930 0.499 0.474 0.955   1.0
0.566 0.040 0.138 0.412   -1.0
0.050 0.858 0.195 0.655   -1.0
0.884 0.302 0.698 0.913   1.0
0.369 0.591 0.484 0.912   1.0
0.729 0.819 0.747 0.207   1.0
0.997 0.138 0.204 0.471   -1.0
0.488 0.037 0.133 0.626   -1.0
0.331 0.676 0.307 0.526   -1.0
0.506 0.410 0.633 0.204   -1.0
0.318 0.574 0.914 0.802   1.0
0.811 0.531 0.305 0.558   1.0
0.010 0.555 0.876 0.214   -1.0
0.969 0.702 0.062 0.102   -1.0
0.511 0.433 0.004 0.818   1.0*
0.335 0.324 0.368 0.968   -1.0
0.691 0.285 0.103 0.606   -1.0
0.589 0.417 0.618 0.894   -1.0*
0.357 0.904 0.530 0.233   1.0
0.556 0.202 0.819 0.618   1.0
0.147 0.129 0.736 0.151   -1.0
0.695 0.486 0.271 0.063   -1.0
0.800 0.754 0.738 0.903   1.0
0.825 0.492 0.777 0.444   1.0
0.752 0.800 0.289 0.282   1.0
0.406 0.837 0.236 0.226   -1.0
0.540 0.373 0.584 0.276   -1.0
0.531 0.971 0.009 0.802   1.0
0.462 0.602 0.788 0.200   1.0
0.148 0.026 0.996 0.925   1.0
0.381 0.677 0.270 0.670   1.0*
0.303 0.076 0.796 0.539   -1.0
0.251 0.079 0.674 0.835   -1.0
0.198 0.365 0.326 0.207   -1.0
0.360 0.669 0.769 0.148   -1.0
0.274 0.296 0.895 0.271   -1.0
0.364 0.652 0.897 0.634   1.0
0.856 0.937 0.398 0.651   1.0
0.700 0.902 0.555 0.375   1.0
0.911 0.572 0.102 0.237   -1.0
0.269 0.597 0.447 0.038   -1.0
0.316 0.313 0.041 0.211   -1.0
0.262 0.575 0.236 0.159   -1.0
0.558 0.015 0.145 0.956   -1.0
0.621 0.657 0.568 0.177   1.0
0.304 0.088 0.603 0.406   -1.0
0.382 0.675 0.922 0.829   1.0
0.667 0.146 0.026 0.708   -1.0
0.610 0.970 0.931 0.846   1.0
0.139 0.404 0.143 0.284   -1.0
0.809 0.906 0.017 0.377   1.0
0.048 0.682 0.170 0.652   -1.0
0.495 0.034 0.763 0.417   -1.0
0.476 0.084 0.009 0.503   -1.0
0.365 0.112 0.761 0.296   1.0*
0.890 0.435 0.362 0.033   -1.0
0.722 0.843 0.625 0.738   1.0
0.708 0.787 0.902 0.878   1.0
0.989 0.373 0.472 0.752   1.0
0.335 0.229 0.874 0.344   -1.0
0.666 0.709 0.843 0.427   1.0
0.801 0.316 0.440 0.163   -1.0
0.160 0.885 0.193 0.785   1.0
0.413 0.493 0.410 0.314   -1.0
0.848 0.304 0.745 0.320   1.0
0.535 0.655 0.285 0.409   1.0*
0.016 0.075 0.708 0.859   -1.0
0.713 0.661 0.818 0.154   1.0
0.168 0.314 0.708 0.360   -1.0
0.332 0.773 0.593 0.741   1.0
0.964 0.589 0.391 0.709   1.0
0.447 0.245 0.565 0.732   -1.0
0.564 0.748 0.729 0.272   1.0
0.230 0.985 0.268 0.048   -1.0
0.092 0.216 0.453 0.800   -1.0
0.552 0.132 0.349 0.145   -1.0
0.436 0.109 0.463 0.827   -1.0
0.372 0.274 0.063 0.937   -1.0
0.717 0.500 0.754 0.446   1.0
0.362 0.676 0.757 0.629   1.0
0.897 0.721 0.940 0.350   1.0
0.516 0.902 0.653 0.864   1.0
0.526 0.300 0.156 0.988   -1.0
